browser,version,screenWidth,screenHeight,OS,OS_lang,GMT_timestamp,local_timestamp,link,age,gender,handedness
Chrome,100.0.4896.127,1440,900,MacOS,en-US,2022-04-27_03:21:56,2022-04-26_23:21:56,https://www.testable.org/experiment/7726/329975/start,"21",man,right-handed

rowNo,type,stim1,stim2,stim3,stim4,presTime,ISI,responseWindow,key,feedback,feedbackTime,feedbackOptions,stimFormat,random,keyboard,cursor,order,d,k,Training,Hand,Structure,Condition,H,Numbers,Magnitude,presTime_ms,presTime_f,presTime_fDuration,timestamp,response,RT,correct
21,test,Black,Fixation,Black,number6Mirror,400;400;400,0;0;0,lastStim,k,incorrect:Incorrect,"400",center,.jpg,"1",d k,hide,1.NM_2MN,leftNormal,rightMirror,Yes,Right,MIRROR,1.LeftNORMAL,-1,"6",Larger5,400;400;400,24;24;24,"16.67",29630,d,71,"0"
29,test,Black,Fixation,Black,number9Mirror,400;400;400,0;0;0,lastStim,k,incorrect:Incorrect,"400",center,.jpg,"1",d k,hide,1.NM_2MN,leftNormal,rightMirror,Yes,Right,MIRROR,1.LeftNORMAL,-1,"9",Larger5,400;400;400,24;24;24,"16.67",31598,d,373,"0"
12,test,Black,Fixation,Black,number3,400;400;400,0;0;0,lastStim,d,incorrect:Incorrect,"400",center,.jpg,"1",d k,hide,1.NM_2MN,leftNormal,rightMirror,Yes,Left,NORMAL,1.LeftNORMAL,"1","3",Smaller5,400;400;400,24;24;24,"16.67",33274,d,75,"1"
15,test,Black,Fixation,Black,number4,400;400;400,0;0;0,lastStim,d,incorrect:Incorrect,"400",center,.jpg,"1",d k,hide,1.NM_2MN,leftNormal,rightMirror,Yes,Left,NORMAL,1.LeftNORMAL,"1","4",Smaller5,400;400;400,24;24;24,"16.67",34490,d,23,"1"
7,test,Black,Fixation,Black,number1,400;400;400,0;0;0,lastStim,d,incorrect:Incorrect,"400",center,.jpg,"1",d k,hide,1.NM_2MN,leftNormal,rightMirror,Yes,Left,NORMAL,1.LeftNORMAL,"1","1",Smaller5,400;400;400,24;24;24,"16.67",36114,d,431,"1"
11,test,Black,Fixation,Black,number3,400;400;400,0;0;0,lastStim,d,incorrect:Incorrect,"400",center,.jpg,"1",d k,hide,1.NM_2MN,leftNormal,rightMirror,Yes,Left,NORMAL,1.LeftNORMAL,"1","3",Smaller5,400;400;400,24;24;24,"16.67",37450,d,151,"1"
22,test,Black,Fixation,Black,number6Mirror,400;400;400,0;0;0,lastStim,k,incorrect:Incorrect,"400",center,.jpg,"1",d k,hide,1.NM_2MN,leftNormal,rightMirror,Yes,Right,MIRROR,1.LeftNORMAL,-1,"6",Larger5,400;400;400,24;24;24,"16.67",52433,d,13783,"0"
13,test,Black,Fixation,Black,number3Mirror,400;400;400,0;0;0,lastStim,k,incorrect:Incorrect,"400",center,.jpg,"1",d k,hide,1.NM_2MN,leftNormal,rightMirror,Yes,Right,MIRROR,1.LeftNORMAL,-1,"3",Smaller5,400;400;400,24;24;24,"16.67",54186,d,148,"0"
19,test,Black,Fixation,Black,number6,400;400;400,0;0;0,lastStim,d,incorrect:Incorrect,"400",center,.jpg,"1",d k,hide,1.NM_2MN,leftNormal,rightMirror,Yes,Left,NORMAL,1.LeftNORMAL,"1","6",Larger5,400;400;400,24;24;24,"16.67",55807,d,19,"1"
16,test,Black,Fixation,Black,number4,400;400;400,0;0;0,lastStim,d,incorrect:Incorrect,"400",center,.jpg,"1",d k,hide,1.NM_2MN,leftNormal,rightMirror,Yes,Right,NORMAL,1.LeftNORMAL,-1,"4",Smaller5,400;400;398,24;24;24,"16.64",57237,d,234,"1"
24,test,Black,Fixation,Black,number7,400;400;400,0;0;0,lastStim,d,incorrect:Incorrect,"400",center,.jpg,"1",d k,hide,1.NM_2MN,leftNormal,rightMirror,Yes,Left,NORMAL,1.LeftNORMAL,"1","7",Larger5,400;400;400,24;24;24,"16.67",58448,d,12,"1"
27,test,Black,Fixation,Black,number9,400;400;400,0;0;0,lastStim,d,incorrect:Incorrect,"400",center,.jpg,"1",d k,hide,1.NM_2MN,leftNormal,rightMirror,Yes,Left,NORMAL,1.LeftNORMAL,"1","9",Larger5,400;400;400,24;24;24,"16.67",59836,d,200,"1"
25,test,Black,Fixation,Black,number7Mirror,400;400;400,0;0;0,lastStim,k,incorrect:Incorrect,"400",center,.jpg,"1",d k,hide,1.NM_2MN,leftNormal,rightMirror,Yes,Right,MIRROR,1.LeftNORMAL,-1,"7",Larger5,400;400;400,24;24;24,"16.67",61195,d,160,"0"
23,test,Black,Fixation,Black,number7,400;400;400,0;0;0,lastStim,d,incorrect:Incorrect,"400",center,.jpg,"1",d k,hide,1.NM_2MN,leftNormal,rightMirror,Yes,Left,NORMAL,1.LeftNORMAL,"1","7",Larger5,400;400;400,24;24;24,"16.67",63628,d,843,"1"
8,test,Black,Fixation,Black,number1,400;400;400,0;0;0,lastStim,d,incorrect:Incorrect,"400",center,.jpg,"1",d k,hide,1.NM_2MN,leftNormal,rightMirror,Yes,Left,NORMAL,1.LeftNORMAL,"1","1",Smaller5,400;400;400,24;24;24,"16.67",65022,d,204,"1"
14,test,Black,Fixation,Black,number3Mirror,400;400;400,0;0;0,lastStim,k,incorrect:Incorrect,"400",center,.jpg,"1",d k,hide,1.NM_2MN,leftNormal,rightMirror,Yes,Right,MIRROR,1.LeftNORMAL,-1,"3",Smaller5,400;400;400,24;24;24,"16.67",66371,d,152,"0"
28,test,Black,Fixation,Black,number9,400;400;400,0;0;0,lastStim,d,incorrect:Incorrect,"400",center,.jpg,"1",d k,hide,1.NM_2MN,leftNormal,rightMirror,Yes,Left,NORMAL,1.LeftNORMAL,"1","9",Larger5,404;400;400,24;24;24,"16.73",68180,d,207,"1"
18,test,Black,Fixation,Black,number4Mirror,400;400;400,0;0;0,lastStim,k,incorrect:Incorrect,"400",center,.jpg,"1",d k,hide,1.NM_2MN,leftNormal,rightMirror,Yes,Right,MIRROR,1.LeftNORMAL,-1,"4",Smaller5,400;400;400,24;24;24,"16.67",69711,d,339,"0"
10,test,Black,Fixation,Black,number1Mirror,400;400;400,0;0;0,lastStim,k,incorrect:Incorrect,"400",center,.jpg,"1",d k,hide,1.NM_2MN,leftNormal,rightMirror,Yes,Right,MIRROR,1.LeftNORMAL,-1,"1",Smaller5,400;400;400,24;24;24,"16.67",71418,d,112,"0"
9,test,Black,Fixation,Black,number1Mirror,400;400;400,0;0;0,lastStim,k,incorrect:Incorrect,"400",center,.jpg,"1",d k,hide,1.NM_2MN,leftNormal,rightMirror,Yes,Right,MIRROR,1.LeftNORMAL,-1,"1",Smaller5,400;400;400,24;24;24,"16.67",73565,d,543,"0"
17,test,Black,Fixation,Black,number4Mirror,400;400;400,0;0;0,lastStim,k,incorrect:Incorrect,"400",center,.jpg,"1",d k,hide,1.NM_2MN,leftNormal,rightMirror,Yes,Right,MIRROR,1.LeftNORMAL,-1,"4",Smaller5,400;400;400,24;24;24,"16.67",75641,d,468,"0"
26,test,Black,Fixation,Black,number7Mirror,400;400;400,0;0;0,lastStim,k,incorrect:Incorrect,"400",center,.jpg,"1",d k,hide,1.NM_2MN,leftNormal,rightMirror,Yes,Right,MIRROR,1.LeftNORMAL,-1,"7",Larger5,400;400;407,24;24;24,"16.76",77492,d,248,"0"
20,test,Black,Fixation,Black,number6,400;400;400,0;0;0,lastStim,d,incorrect:Incorrect,"400",center,.jpg,"1",d k,hide,1.NM_2MN,leftNormal,rightMirror,Yes,Left,NORMAL,1.LeftNORMAL,"1","6",Larger5,400;400;400,24;24;24,"16.67",79211,d,116,"1"
30,test,Black,Fixation,Black,number9Mirror,400;400;400,0;0;0,lastStim,k,incorrect:Incorrect,"400",center,.jpg,"1",d k,hide,1.NM_2MN,leftNormal,rightMirror,Yes,Right,MIRROR,1.LeftNORMAL,-1,"9",Larger5,400;400;400,24;24;24,"16.67",80851,d,439,"0"
253,test,Black,Fixation,Black,number9,400;400;400,0;0;0,lastStim,d,incorrect:Incorrect,"400",center,.jpg,"1",d k,hide,1.NM_2MN,leftNormal,rightMirror,No,Left,NORMAL,1.LeftNORMAL,"1","9",Larger5,400;401;400,24;24;24,"16.69",105790,d,44,"1"
48,test,Black,Fixation,Black,number1Mirror,400;400;400,0;0;0,lastStim,k,incorrect:Incorrect,"400",center,.jpg,"1",d k,hide,1.NM_2MN,leftNormal,rightMirror,No,Right,MIRROR,1.LeftNORMAL,-1,"1",Smaller5,400;400;400,24;24;24,"16.67",107029,d,51,"0"
222,test,Black,Fixation,Black,number6Mirror,400;400;400,0;0;0,lastStim,k,incorrect:Incorrect,"400",center,.jpg,"1",d k,hide,1.NM_2MN,leftNormal,rightMirror,No,Right,MIRROR,1.LeftNORMAL,-1,"6",Larger5,400;400;400,24;24;24,"16.67",108752,d,122,"0"
271,test,Black,Fixation,Black,number9Mirror,400;400;400,0;0;0,lastStim,k,incorrect:Incorrect,"400",center,.jpg,"1",d k,hide,1.NM_2MN,leftNormal,rightMirror,No,Right,MIRROR,1.LeftNORMAL,-1,"9",Larger5,400;400;400,24;24;24,"16.67",110485,d,140,"0"
86,test,Black,Fixation,Black,number4Mirror,400;400;400,0;0;0,lastStim,k,incorrect:Incorrect,"400",center,.jpg,"1",d k,hide,1.NM_2MN,leftNormal,rightMirror,No,Right,MIRROR,1.LeftNORMAL,-1,"4",Smaller5,400;400;400,24;24;24,"16.67",112217,d,139,"0"
156,test,Black,Fixation,Black,number1,400;400;400,0;0;0,lastStim,d,incorrect:Incorrect,"400",center,.jpg,"1",d k,hide,1.NM_2MN,leftNormal,rightMirror,No,Left,NORMAL,1.LeftNORMAL,"1","1",Smaller5,400;400;400,24;24;24,"16.67",113983,d,170,"1"
62,test,Black,Fixation,Black,number3Mirror,400;400;400,0;0;0,lastStim,k,incorrect:Incorrect,"400",center,.jpg,"1",d k,hide,1.NM_2MN,leftNormal,rightMirror,No,Right,MIRROR,1.LeftNORMAL,-1,"3",Smaller5,400;400;400,24;24;24,"16.67",115303,d,124,"0"
179,test,Black,Fixation,Black,number3,400;400;400,0;0;0,lastStim,d,incorrect:Incorrect,"400",center,.jpg,"1",d k,hide,1.NM_2MN,leftNormal,rightMirror,No,Left,NORMAL,1.LeftNORMAL,"1","3",Smaller5,400;400;400,24;24;24,"16.67",117652,d,754,"1"
49,test,Black,Fixation,Black,number1Mirror,400;400;400,0;0;0,lastStim,k,incorrect:Incorrect,"400",center,.jpg,"1",d k,hide,1.NM_2MN,leftNormal,rightMirror,No,Right,MIRROR,1.LeftNORMAL,-1,"1",Smaller5,400;400;400,24;24;24,"16.67",119074,d,224,"0"
133,test,Black,Fixation,Black,number9,400;400;400,0;0;0,lastStim,d,incorrect:Incorrect,"400",center,.jpg,"1",d k,hide,1.NM_2MN,leftNormal,rightMirror,No,Left,NORMAL,1.LeftNORMAL,"1","9",Larger5,400;400;400,24;24;24,"16.67",120890,d,225,"1"
201,test,Black,Fixation,Black,number4,400;400;400,0;0;0,lastStim,d,incorrect:Incorrect,"400",center,.jpg,"1",d k,hide,1.NM_2MN,leftNormal,rightMirror,No,Left,NORMAL,1.LeftNORMAL,"1","4",Smaller5,400;400;400,24;24;24,"16.67",122203,d,121,"1"
41,test,Black,Fixation,Black,number1,400;400;400,0;0;0,lastStim,d,incorrect:Incorrect,"400",center,.jpg,"1",d k,hide,1.NM_2MN,leftNormal,rightMirror,No,Left,NORMAL,1.LeftNORMAL,"1","1",Smaller5,400;400;400,24;24;24,"16.67",123473,d,75,"1"
204,test,Black,Fixation,Black,number4Mirror,400;400;400,0;0;0,lastStim,k,incorrect:Incorrect,"400",center,.jpg,"1",d k,hide,1.NM_2MN,leftNormal,rightMirror,No,Right,MIRROR,1.LeftNORMAL,-1,"4",Smaller5,400;400;400,24;24;24,"16.67",125026,d,361,"0"
183,test,Black,Fixation,Black,number3Mirror,400;400;400,0;0;0,lastStim,k,incorrect:Incorrect,"400",center,.jpg,"1",d k,hide,1.NM_2MN,leftNormal,rightMirror,No,Right,MIRROR,1.LeftNORMAL,-1,"3",Smaller5,404;400;400,24;24;24,"16.72",126651,d,16,"0"
255,test,Black,Fixation,Black,number9,400;400;400,0;0;0,lastStim,d,incorrect:Incorrect,"400",center,.jpg,"1",d k,hide,1.NM_2MN,leftNormal,rightMirror,No,Left,NORMAL,1.LeftNORMAL,"1","9",Larger5,400;400;400,24;24;24,"16.67",128284,d,32,"1"
232,test,Black,Fixation,Black,number7,400;400;400,0;0;0,lastStim,d,incorrect:Incorrect,"400",center,.jpg,"1",d k,hide,1.NM_2MN,leftNormal,rightMirror,No,Left,NORMAL,1.LeftNORMAL,"1","7",Larger5,400;400;400,24;24;24,"16.67",129475,d,6,"1"
233,test,Black,Fixation,Black,number7,400;400;400,0;0;0,lastStim,d,incorrect:Incorrect,"400",center,.jpg,"1",d k,hide,1.NM_2MN,leftNormal,rightMirror,No,Left,NORMAL,1.LeftNORMAL,"1","7",Larger5,400;400;400,24;24;24,"16.67",130779,d,111,"1"
138,test,Black,Fixation,Black,number9,400;400;400,0;0;0,lastStim,d,incorrect:Incorrect,"400",center,.jpg,"1",d k,hide,1.NM_2MN,leftNormal,rightMirror,No,Left,NORMAL,1.LeftNORMAL,"1","9",Larger5,400;400;400,24;24;24,"16.67",131994,d,25,"1"
262,test,Black,Fixation,Black,number9Mirror,400;400;400,0;0;0,lastStim,k,incorrect:Incorrect,"400",center,.jpg,"1",d k,hide,1.NM_2MN,leftNormal,rightMirror,No,Right,MIRROR,1.LeftNORMAL,-1,"9",Larger5,400;400;400,24;24;24,"16.67",133218,d,32,"0"
67,test,Black,Fixation,Black,number3Mirror,400;400;400,0;0;0,lastStim,k,incorrect:Incorrect,"400",center,.jpg,"1",d k,hide,1.NM_2MN,leftNormal,rightMirror,No,Right,MIRROR,1.LeftNORMAL,-1,"3",Smaller5,400;400;400,24;24;24,"16.67",134952,d,134,"0"
248,test,Black,Fixation,Black,number7Mirror,400;400;400,0;0;0,lastStim,k,incorrect:Incorrect,"400",center,.jpg,"1",d k,hide,1.NM_2MN,leftNormal,rightMirror,No,Right,MIRROR,1.LeftNORMAL,-1,"7",Larger5,400;407;400,24;24;24,"16.77",136609,d,50,"0"
38,test,Black,Fixation,Black,number1,400;400;400,0;0;0,lastStim,d,incorrect:Incorrect,"400",center,.jpg,"1",d k,hide,1.NM_2MN,leftNormal,rightMirror,No,Left,NORMAL,1.LeftNORMAL,"1","1",Smaller5,400;400;400,24;24;24,"16.67",138254,d,44,"1"
161,test,Black,Fixation,Black,number1,400;400;400,0;0;0,lastStim,d,incorrect:Incorrect,"400",center,.jpg,"1",d k,hide,1.NM_2MN,leftNormal,rightMirror,No,Left,NORMAL,1.LeftNORMAL,"1","1",Smaller5,400;400;400,24;24;24,"16.67",139537,d,96,"1"
82,test,Black,Fixation,Black,number4Mirror,400;400;400,0;0;0,lastStim,k,incorrect:Incorrect,"400",center,.jpg,"1",d k,hide,1.NM_2MN,leftNormal,rightMirror,No,Right,MIRROR,1.LeftNORMAL,-1,"4",Smaller5,400;400;400,24;24;24,"16.67",140773,d,47,"0"
42,test,Black,Fixation,Black,number1Mirror,400;400;400,0;0;0,lastStim,k,incorrect:Incorrect,"400",center,.jpg,"1",d k,hide,1.NM_2MN,leftNormal,rightMirror,No,Right,MIRROR,1.LeftNORMAL,-1,"1",Smaller5,400;400;400,24;24;24,"16.67",142735,d,360,"0"
63,test,Black,Fixation,Black,number3Mirror,400;400;400,0;0;0,lastStim,k,incorrect:Incorrect,"400",center,.jpg,"1",d k,hide,1.NM_2MN,leftNormal,rightMirror,No,Right,MIRROR,1.LeftNORMAL,-1,"3",Smaller5,400;400;400,24;24;24,"16.67",144894,d,552,"0"
242,test,Black,Fixation,Black,number7Mirror,400;400;400,0;0;0,lastStim,k,incorrect:Incorrect,"400",center,.jpg,"1",d k,hide,1.NM_2MN,leftNormal,rightMirror,No,Right,MIRROR,1.LeftNORMAL,-1,"7",Larger5,400;400;392,24;24;24,"16.56",146623,d,140,"0"
208,test,Black,Fixation,Black,number4Mirror,400;400;400,0;0;0,lastStim,k,incorrect:Incorrect,"400",center,.jpg,"1",d k,hide,1.NM_2MN,leftNormal,rightMirror,No,Right,MIRROR,1.LeftNORMAL,-1,"4",Smaller5,400;400;400,24;24;24,"16.67",148562,d,344,"0"
68,test,Black,Fixation,Black,number3Mirror,400;400;400,0;0;0,lastStim,k,incorrect:Incorrect,"400",center,.jpg,"1",d k,hide,1.NM_2MN,leftNormal,rightMirror,No,Right,MIRROR,1.LeftNORMAL,-1,"3",Smaller5,400;400;400,24;24;24,"16.67",150311,d,144,"0"
83,test,Black,Fixation,Black,number4Mirror,400;400;400,0;0;0,lastStim,k,incorrect:Incorrect,"400",center,.jpg,"1",d k,hide,1.NM_2MN,leftNormal,rightMirror,No,Right,MIRROR,1.LeftNORMAL,-1,"4",Smaller5,400;400;400,24;24;24,"16.67",152143,d,226,"0"
72,test,Black,Fixation,Black,number4,400;400;400,0;0;0,lastStim,d,incorrect:Incorrect,"400",center,.jpg,"1",d k,hide,1.NM_2MN,leftNormal,rightMirror,No,Left,NORMAL,1.LeftNORMAL,"1","4",Smaller5,400;400;400,24;24;24,"16.67",153799,d,66,"1"
91,test,Black,Fixation,Black,number4Mirror,400;400;400,0;0;0,lastStim,k,incorrect:Incorrect,"400",center,.jpg,"1",d k,hide,1.NM_2MN,leftNormal,rightMirror,No,Right,MIRROR,1.LeftNORMAL,-1,"4",Smaller5,400;400;400,24;24;24,"16.67",155051,d,51,"0"
238,test,Black,Fixation,Black,number7,400;400;400,0;0;0,lastStim,d,incorrect:Incorrect,"400",center,.jpg,"1",d k,hide,1.NM_2MN,leftNormal,rightMirror,No,Left,NORMAL,1.LeftNORMAL,"1","7",Larger5,400;400;408,24;24;24,"16.78",156754,d,97,"1"
119,test,Black,Fixation,Black,number7,400;400;400,0;0;0,lastStim,d,incorrect:Incorrect,"400",center,.jpg,"1",d k,hide,1.NM_2MN,leftNormal,rightMirror,No,Left,NORMAL,1.LeftNORMAL,"1","7",Larger5,400;400;400,24;24;24,"16.67",158065,d,124,"1"
40,test,Black,Fixation,Black,number1,400;400;400,0;0;0,lastStim,d,incorrect:Incorrect,"400",center,.jpg,"1",d k,hide,1.NM_2MN,leftNormal,rightMirror,No,Left,NORMAL,1.LeftNORMAL,"1","1",Smaller5,400;400;400,24;24;24,"16.67",159331,d,74,"1"
270,test,Black,Fixation,Black,number9Mirror,400;400;400,0;0;0,lastStim,k,incorrect:Incorrect,"400",center,.jpg,"1",d k,hide,1.NM_2MN,leftNormal,rightMirror,No,Right,MIRROR,1.LeftNORMAL,-1,"9",Larger5,400;400;400,24;24;24,"16.67",160783,d,258,"0"
220,test,Black,Fixation,Black,number6,400;400;400,0;0;0,lastStim,d,incorrect:Incorrect,"400",center,.jpg,"1",d k,hide,1.NM_2MN,leftNormal,rightMirror,No,Left,NORMAL,1.LeftNORMAL,"1","6",Larger5,400;400;400,24;24;24,"16.67",162495,d,121,"1"
234,test,Black,Fixation,Black,number7,400;400;400,0;0;0,lastStim,d,incorrect:Incorrect,"400",center,.jpg,"1",d k,hide,1.NM_2MN,leftNormal,rightMirror,No,Left,NORMAL,1.LeftNORMAL,"1","7",Larger5,400;400;400,24;24;24,"16.67",163700,d,9,"1"
236,test,Black,Fixation,Black,number7,400;400;400,0;0;0,lastStim,d,incorrect:Incorrect,"400",center,.jpg,"1",d k,hide,1.NM_2MN,leftNormal,rightMirror,No,Left,NORMAL,1.LeftNORMAL,"1","7",Larger5,400;400;400,24;24;24,"16.67",165388,d,497,"1"
120,test,Black,Fixation,Black,number7,400;400;400,0;0;0,lastStim,d,incorrect:Incorrect,"400",center,.jpg,"1",d k,hide,1.NM_2MN,leftNormal,rightMirror,No,Left,NORMAL,1.LeftNORMAL,"1","7",Larger5,400;400;400,24;24;24,"16.67",166712,d,139,"1"
202,test,Black,Fixation,Black,number4Mirror,400;400;400,0;0;0,lastStim,k,incorrect:Incorrect,"400",center,.jpg,"1",d k,hide,1.NM_2MN,leftNormal,rightMirror,No,Right,MIRROR,1.LeftNORMAL,-1,"4",Smaller5,400;400;400,24;24;24,"16.67",168169,d,271,"0"
155,test,Black,Fixation,Black,number1,400;400;400,0;0;0,lastStim,d,incorrect:Incorrect,"400",center,.jpg,"1",d k,hide,1.NM_2MN,leftNormal,rightMirror,No,Left,NORMAL,1.LeftNORMAL,"1","1",Smaller5,400;400;400,24;24;24,"16.67",170082,d,317,"1"
142,test,Black,Fixation,Black,number9Mirror,400;400;400,0;0;0,lastStim,k,incorrect:Incorrect,"400",center,.jpg,"1",d k,hide,1.NM_2MN,leftNormal,rightMirror,No,Right,MIRROR,1.LeftNORMAL,-1,"9",Larger5,400;400;400,24;24;24,"16.67",171772,d,491,"0"
249,test,Black,Fixation,Black,number7Mirror,400;400;400,0;0;0,lastStim,k,incorrect:Incorrect,"400",center,.jpg,"1",d k,hide,1.NM_2MN,leftNormal,rightMirror,No,Right,MIRROR,1.LeftNORMAL,-1,"7",Larger5,400;400;400,24;24;24,"16.67",173416,d,51,"0"
102,test,Black,Fixation,Black,number6Mirror,400;400;400,0;0;0,lastStim,k,incorrect:Incorrect,"400",center,.jpg,"1",d k,hide,1.NM_2MN,leftNormal,rightMirror,No,Right,MIRROR,1.LeftNORMAL,-1,"6",Larger5,400;400;400,24;24;24,"16.67",175267,d,254,"0"
64,test,Black,Fixation,Black,number3Mirror,400;400;400,0;0;0,lastStim,k,incorrect:Incorrect,"400",center,.jpg,"1",d k,hide,1.NM_2MN,leftNormal,rightMirror,No,Right,MIRROR,1.LeftNORMAL,-1,"3",Smaller5,400;400;400,24;24;24,"16.67",177041,d,177,"0"
205,test,Black,Fixation,Black,number4Mirror,400;400;400,0;0;0,lastStim,k,incorrect:Incorrect,"400",center,.jpg,"1",d k,hide,1.NM_2MN,leftNormal,rightMirror,No,Right,MIRROR,1.LeftNORMAL,-1,"4",Smaller5,400;400;400,24;24;24,"16.67",178835,d,199,"0"
178,test,Black,Fixation,Black,number3,400;400;400,0;0;0,lastStim,d,incorrect:Incorrect,"400",center,.jpg,"1",d k,hide,1.NM_2MN,leftNormal,rightMirror,No,Left,NORMAL,1.LeftNORMAL,"1","3",Smaller5,400;400;400,24;24;24,"16.67",180550,d,114,"1"
139,test,Black,Fixation,Black,number9,400;400;400,0;0;0,lastStim,d,incorrect:Incorrect,"400",center,.jpg,"1",d k,hide,1.NM_2MN,leftNormal,rightMirror,No,Left,NORMAL,1.LeftNORMAL,"1","9",Larger5,400;400;400,24;24;24,"16.67",181785,d,50,"1"
147,test,Black,Fixation,Black,number9Mirror,400;400;400,0;0;0,lastStim,k,incorrect:Incorrect,"400",center,.jpg,"1",d k,hide,1.NM_2MN,leftNormal,rightMirror,No,Right,MIRROR,1.LeftNORMAL,-1,"9",Larger5,400;400;400,24;24;24,"16.67",183072,d,86,"0"
164,test,Black,Fixation,Black,number1Mirror,400;400;400,0;0;0,lastStim,k,incorrect:Incorrect,"400",center,.jpg,"1",d k,hide,1.NM_2MN,leftNormal,rightMirror,No,Right,MIRROR,1.LeftNORMAL,-1,"1",Smaller5,400;400;400,24;24;24,"16.67",184729,d,60,"0"
97,test,Black,Fixation,Black,number6,400;400;400,0;0;0,lastStim,d,incorrect:Incorrect,"400",center,.jpg,"1",d k,hide,1.NM_2MN,leftNormal,rightMirror,No,Left,NORMAL,1.LeftNORMAL,"1","6",Larger5,400;400;400,24;24;24,"16.67",186494,d,159,"1"
180,test,Black,Fixation,Black,number3,400;400;400,0;0;0,lastStim,d,incorrect:Incorrect,"400",center,.jpg,"1",d k,hide,1.NM_2MN,leftNormal,rightMirror,No,Left,NORMAL,1.LeftNORMAL,"1","3",Smaller5,400;407;400,24;24;24,"16.77",187737,d,44,"1"
193,test,Black,Fixation,Black,number4,400;400;400,0;0;0,lastStim,d,incorrect:Incorrect,"400",center,.jpg,"1",d k,hide,1.NM_2MN,leftNormal,rightMirror,No,Left,NORMAL,1.LeftNORMAL,"1","4",Smaller5,400;400;400,24;24;24,"16.67",189110,d,183,"1"
80,test,Black,Fixation,Black,number4,400;400;400,0;0;0,lastStim,d,incorrect:Incorrect,"400",center,.jpg,"1",d k,hide,1.NM_2MN,leftNormal,rightMirror,No,Left,NORMAL,1.LeftNORMAL,"1","4",Smaller5,400;400;400,24;24;24,"16.67",190575,d,265,"1"
159,test,Black,Fixation,Black,number1,400;400;400,0;0;0,lastStim,d,incorrect:Incorrect,"400",center,.jpg,"1",d k,hide,1.NM_2MN,leftNormal,rightMirror,No,Left,NORMAL,1.LeftNORMAL,"1","1",Smaller5,400;400;400,24;24;24,"16.67",191864,d,105,"1"
98,test,Black,Fixation,Black,number6,400;400;400,0;0;0,lastStim,d,incorrect:Incorrect,"400",center,.jpg,"1",d k,hide,1.NM_2MN,leftNormal,rightMirror,No,Left,NORMAL,1.LeftNORMAL,"1","6",Larger5,400;400;400,24;24;24,"16.67",193292,d,233,"1"
192,test,Black,Fixation,Black,number4,400;400;400,0;0;0,lastStim,d,incorrect:Incorrect,"400",center,.jpg,"1",d k,hide,1.NM_2MN,leftNormal,rightMirror,No,Left,NORMAL,1.LeftNORMAL,"1","4",Smaller5,400;400;400,24;24;24,"16.67",194593,d,117,"1"
126,test,Black,Fixation,Black,number7Mirror,400;400;400,0;0;0,lastStim,k,incorrect:Incorrect,"400",center,.jpg,"1",d k,hide,1.NM_2MN,leftNormal,rightMirror,No,Right,MIRROR,1.LeftNORMAL,-1,"7",Larger5,400;400;400,24;24;24,"16.67",195917,d,124,"0"
182,test,Black,Fixation,Black,number3Mirror,400;400;400,0;0;0,lastStim,k,incorrect:Incorrect,"400",center,.jpg,"1",d k,hide,1.NM_2MN,leftNormal,rightMirror,No,Right,MIRROR,1.LeftNORMAL,-1,"3",Smaller5,400;400;408,24;24;24,"16.78",197598,d,65,"0"
167,test,Black,Fixation,Black,number1Mirror,400;400;400,0;0;0,lastStim,k,incorrect:Incorrect,"400",center,.jpg,"1",d k,hide,1.NM_2MN,leftNormal,rightMirror,No,Right,MIRROR,1.LeftNORMAL,-1,"1",Smaller5,400;400;400,24;24;24,"16.67",199683,d,482,"0"
162,test,Black,Fixation,Black,number1Mirror,400;400;400,0;0;0,lastStim,k,incorrect:Incorrect,"400",center,.jpg,"1",d k,hide,1.NM_2MN,leftNormal,rightMirror,No,Right,MIRROR,1.LeftNORMAL,-1,"1",Smaller5,400;400;400,24;24;24,"16.67",201610,d,327,"0"
166,test,Black,Fixation,Black,number1Mirror,400;400;400,0;0;0,lastStim,k,incorrect:Incorrect,"400",center,.jpg,"1",d k,hide,1.NM_2MN,leftNormal,rightMirror,No,Right,MIRROR,1.LeftNORMAL,-1,"1",Smaller5,400;400;400,24;24;24,"16.67",203240,d,23,"0"
131,test,Black,Fixation,Black,number7Mirror,400;400;400,0;0;0,lastStim,k,incorrect:Incorrect,"400",center,.jpg,"1",d k,hide,1.NM_2MN,leftNormal,rightMirror,No,Right,MIRROR,1.LeftNORMAL,-1,"7",Larger5,400;400;400,24;24;24,"16.67",205031,d,198,"0"
163,test,Black,Fixation,Black,number1Mirror,400;400;400,0;0;0,lastStim,k,incorrect:Incorrect,"400",center,.jpg,"1",d k,hide,1.NM_2MN,leftNormal,rightMirror,No,Right,MIRROR,1.LeftNORMAL,-1,"1",Smaller5,400;400;400,24;24;24,"16.67",206745,d,112,"0"
250,test,Black,Fixation,Black,number7Mirror,400;400;400,0;0;0,lastStim,k,incorrect:Incorrect,"400",center,.jpg,"1",d k,hide,1.NM_2MN,leftNormal,rightMirror,No,Right,MIRROR,1.LeftNORMAL,-1,"7",Larger5,404;400;400,24;24;24,"16.73",208426,d,73,"0"
141,test,Black,Fixation,Black,number9,400;400;400,0;0;0,lastStim,d,incorrect:Incorrect,"400",center,.jpg,"1",d k,hide,1.NM_2MN,leftNormal,rightMirror,No,Left,NORMAL,1.LeftNORMAL,"1","9",Larger5,400;400;400,24;24;24,"16.67",210569,d,548,"1"
103,test,Black,Fixation,Black,number6Mirror,400;400;400,0;0;0,lastStim,k,incorrect:Incorrect,"400",center,.jpg,"1",d k,hide,1.NM_2MN,leftNormal,rightMirror,No,Right,MIRROR,1.LeftNORMAL,-1,"6",Larger5,400;400;400,24;24;24,"16.67",215086,d,3332,"0"
101,test,Black,Fixation,Black,number6,400;400;400,0;0;0,lastStim,d,incorrect:Incorrect,"400",center,.jpg,"1",d k,hide,1.NM_2MN,leftNormal,rightMirror,No,Left,NORMAL,1.LeftNORMAL,"1","6",Larger5,400;400;400,24;24;24,"16.67",217596,d,908,"1"
87,test,Black,Fixation,Black,number4Mirror,400;400;400,0;0;0,lastStim,k,incorrect:Incorrect,"400",center,.jpg,"1",d k,hide,1.NM_2MN,leftNormal,rightMirror,No,Right,MIRROR,1.LeftNORMAL,-1,"4",Smaller5,400;407;400,24;24;24,"16.76",221005,d,2211,"0"
89,test,Black,Fixation,Black,number4Mirror,400;400;400,0;0;0,lastStim,k,incorrect:Incorrect,"400",center,.jpg,"1",d k,hide,1.NM_2MN,leftNormal,rightMirror,No,Right,MIRROR,1.LeftNORMAL,-1,"4",Smaller5,400;400;400,24;24;24,"16.67",222914,d,303,"0"
113,test,Black,Fixation,Black,number7,400;400;400,0;0;0,lastStim,d,incorrect:Incorrect,"400",center,.jpg,"1",d k,hide,1.NM_2MN,leftNormal,rightMirror,No,Left,NORMAL,1.LeftNORMAL,"1","7",Larger5,400;400;400,24;24;24,"16.67",224535,d,24,"1"
252,test,Black,Fixation,Black,number9,400;400;400,0;0;0,lastStim,d,incorrect:Incorrect,"400",center,.jpg,"1",d k,hide,1.NM_2MN,leftNormal,rightMirror,No,Left,NORMAL,1.LeftNORMAL,"1","9",Larger5,400;400;400,24;24;24,"16.67",225841,d,114,"1"
175,test,Black,Fixation,Black,number3,400;400;400,0;0;0,lastStim,d,incorrect:Incorrect,"400",center,.jpg,"1",d k,hide,1.NM_2MN,leftNormal,rightMirror,No,Left,NORMAL,1.LeftNORMAL,"1","3",Smaller5,400;400;400,24;24;24,"16.67",227252,d,226,"1"
108,test,Black,Fixation,Black,number6Mirror,400;400;400,0;0;0,lastStim,k,incorrect:Incorrect,"400",center,.jpg,"1",d k,hide,1.NM_2MN,leftNormal,rightMirror,No,Right,MIRROR,1.LeftNORMAL,-1,"6",Larger5,400;400;405,24;24;24,"16.73",228568,d,119,"0"
170,test,Black,Fixation,Black,number1Mirror,400;400;400,0;0;0,lastStim,k,incorrect:Incorrect,"400",center,.jpg,"1",d k,hide,1.NM_2MN,leftNormal,rightMirror,No,Right,MIRROR,1.LeftNORMAL,-1,"1",Smaller5,400;400;400,24;24;24,"16.67",230347,d,182,"0"
258,test,Black,Fixation,Black,number9,400;400;400,0;0;0,lastStim,d,incorrect:Incorrect,"400",center,.jpg,"1",d k,hide,1.NM_2MN,leftNormal,rightMirror,No,Left,NORMAL,1.LeftNORMAL,"1","9",Larger5,400;400;400,24;24;24,"16.67",232079,d,131,"1"
190,test,Black,Fixation,Black,number3Mirror,400;400;400,0;0;0,lastStim,k,incorrect:Incorrect,"400",center,.jpg,"1",d k,hide,1.NM_2MN,leftNormal,rightMirror,No,Right,MIRROR,1.LeftNORMAL,-1,"3",Smaller5,400;400;400,24;24;24,"16.67",233480,d,215,"0"
74,test,Black,Fixation,Black,number4,400;400;400,0;0;0,lastStim,d,incorrect:Incorrect,"400",center,.jpg,"1",d k,hide,1.NM_2MN,leftNormal,rightMirror,No,Left,NORMAL,1.LeftNORMAL,"1","4",Smaller5,400;400;400,24;24;24,"16.67",235135,d,54,"1"
79,test,Black,Fixation,Black,number4,400;400;400,0;0;0,lastStim,d,incorrect:Incorrect,"400",center,.jpg,"1",d k,hide,1.NM_2MN,leftNormal,rightMirror,No,Left,NORMAL,1.LeftNORMAL,"1","4",Smaller5,400;400;400,24;24;24,"16.67",236441,d,110,"1"
132,test,Black,Fixation,Black,number9,400;400;400,0;0;0,lastStim,d,incorrect:Incorrect,"400",center,.jpg,"1",d k,hide,1.NM_2MN,leftNormal,rightMirror,No,Left,NORMAL,1.LeftNORMAL,"1","9",Larger5,400;400;400,24;24;24,"16.67",237763,d,132,"1"
94,test,Black,Fixation,Black,number6,400;400;400,0;0;0,lastStim,d,incorrect:Incorrect,"400",center,.jpg,"1",d k,hide,1.NM_2MN,leftNormal,rightMirror,No,Left,NORMAL,1.LeftNORMAL,"1","6",Larger5,400;404;400,24;24;24,"16.73",238970,d,18,"1"
146,test,Black,Fixation,Black,number9Mirror,400;400;400,0;0;0,lastStim,k,incorrect:Incorrect,"400",center,.jpg,"1",d k,hide,1.NM_2MN,leftNormal,rightMirror,No,Right,MIRROR,1.LeftNORMAL,-1,"9",Larger5,400;400;400,24;24;24,"16.67",240344,d,176,"0"
196,test,Black,Fixation,Black,number4,400;400;400,0;0;0,lastStim,d,incorrect:Incorrect,"400",center,.jpg,"1",d k,hide,1.NM_2MN,leftNormal,rightMirror,No,Left,NORMAL,1.LeftNORMAL,"1","4",Smaller5,400;400;400,24;24;24,"16.67",242048,d,96,"1"
266,test,Black,Fixation,Black,number9Mirror,400;400;400,0;0;0,lastStim,k,incorrect:Incorrect,"400",center,.jpg,"1",d k,hide,1.NM_2MN,leftNormal,rightMirror,No,Right,MIRROR,1.LeftNORMAL,-1,"9",Larger5,400;400;400,24;24;24,"16.67",243289,d,55,"0"
124,test,Black,Fixation,Black,number7Mirror,400;400;400,0;0;0,lastStim,k,incorrect:Incorrect,"400",center,.jpg,"1",d k,hide,1.NM_2MN,leftNormal,rightMirror,No,Right,MIRROR,1.LeftNORMAL,-1,"7",Larger5,400;400;400,24;24;24,"16.67",245078,d,193,"0"
114,test,Black,Fixation,Black,number7,400;400;400,0;0;0,lastStim,d,incorrect:Incorrect,"400",center,.jpg,"1",d k,hide,1.NM_2MN,leftNormal,rightMirror,No,Left,NORMAL,1.LeftNORMAL,"1","7",Larger5,400;400;400,24;24;24,"16.67",247353,d,669,"1"
224,test,Black,Fixation,Black,number6Mirror,400;400;400,0;0;0,lastStim,k,incorrect:Incorrect,"400",center,.jpg,"1",d k,hide,1.NM_2MN,leftNormal,rightMirror,No,Right,MIRROR,1.LeftNORMAL,-1,"6",Larger5,400;400;400,24;24;24,"16.67",248767,d,215,"0"
57,test,Black,Fixation,Black,number3,400;400;400,0;0;0,lastStim,d,incorrect:Incorrect,"400",center,.jpg,"1",d k,hide,1.NM_2MN,leftNormal,rightMirror,No,Left,NORMAL,1.LeftNORMAL,"1","3",Smaller5,400;400;400,24;24;24,"16.67",250460,d,85,"1"
99,test,Black,Fixation,Black,number6,400;400;400,0;0;0,lastStim,d,incorrect:Incorrect,"400",center,.jpg,"1",d k,hide,1.NM_2MN,leftNormal,rightMirror,No,Left,NORMAL,1.LeftNORMAL,"1","6",Larger5,400;400;400,24;24;24,"16.67",251797,d,139,"1"
260,test,Black,Fixation,Black,number9,400;400;400,0;0;0,lastStim,d,incorrect:Incorrect,"400",center,.jpg,"1",d k,hide,1.NM_2MN,leftNormal,rightMirror,No,Left,NORMAL,1.LeftNORMAL,"1","9",Larger5,400;400;400,24;24;24,"16.67",253311,d,320,"1"
55,test,Black,Fixation,Black,number3,400;400;400,0;0;0,lastStim,d,incorrect:Incorrect,"400",center,.jpg,"1",d k,hide,1.NM_2MN,leftNormal,rightMirror,No,Left,NORMAL,1.LeftNORMAL,"1","3",Smaller5,400;400;400,24;24;24,"16.67",254593,d,86,"1"
73,test,Black,Fixation,Black,number4,400;400;400,0;0;0,lastStim,d,incorrect:Incorrect,"400",center,.jpg,"1",d k,hide,1.NM_2MN,leftNormal,rightMirror,No,Left,NORMAL,1.LeftNORMAL,"1","4",Smaller5,400;400;400,24;24;24,"16.67",256088,d,298,"1"
206,test,Black,Fixation,Black,number4Mirror,400;400;400,0;0;0,lastStim,k,incorrect:Incorrect,"400",center,.jpg,"1",d k,hide,1.NM_2MN,leftNormal,rightMirror,No,Right,MIRROR,1.LeftNORMAL,-1,"4",Smaller5,400;400;400,24;24;24,"16.67",257517,d,243,"0"
189,test,Black,Fixation,Black,number3Mirror,400;400;400,0;0;0,lastStim,k,incorrect:Incorrect,"400",center,.jpg,"1",d k,hide,1.NM_2MN,leftNormal,rightMirror,No,Right,MIRROR,1.LeftNORMAL,-1,"3",Smaller5,400;400;404,24;24;24,"16.73",259441,d,314,"0"
227,test,Black,Fixation,Black,number6Mirror,400;400;400,0;0;0,lastStim,k,incorrect:Incorrect,"400",center,.jpg,"1",d k,hide,1.NM_2MN,leftNormal,rightMirror,No,Right,MIRROR,1.LeftNORMAL,-1,"6",Larger5,400;400;400,24;24;24,"16.67",261389,d,344,"0"
245,test,Black,Fixation,Black,number7Mirror,400;400;400,0;0;0,lastStim,k,incorrect:Incorrect,"400",center,.jpg,"1",d k,hide,1.NM_2MN,leftNormal,rightMirror,No,Right,MIRROR,1.LeftNORMAL,-1,"7",Larger5,400;400;400,24;24;24,"16.67",263000,d,6,"0"
60,test,Black,Fixation,Black,number3,400;400;400,0;0;0,lastStim,d,incorrect:Incorrect,"400",center,.jpg,"1",d k,hide,1.NM_2MN,leftNormal,rightMirror,No,Left,NORMAL,1.LeftNORMAL,"1","3",Smaller5,400;400;400,24;24;24,"16.67",264770,d,176,"1"
217,test,Black,Fixation,Black,number6,400;400;400,0;0;0,lastStim,d,incorrect:Incorrect,"400",center,.jpg,"1",d k,hide,1.NM_2MN,leftNormal,rightMirror,No,Left,NORMAL,1.LeftNORMAL,"1","6",Larger5,400;400;400,24;24;24,"16.67",267281,d,1320,"1"
75,test,Black,Fixation,Black,number4,400;400;400,0;0;0,lastStim,d,incorrect:Incorrect,"400",center,.jpg,"1",d k,hide,1.NM_2MN,leftNormal,rightMirror,No,Left,NORMAL,1.LeftNORMAL,"1","4",Smaller5,400;400;400,24;24;24,"16.67",268489,d,11,"1"
211,test,Black,Fixation,Black,number4Mirror,400;400;400,0;0;0,lastStim,k,incorrect:Incorrect,"400",center,.jpg,"1",d k,hide,1.NM_2MN,leftNormal,rightMirror,No,Right,MIRROR,1.LeftNORMAL,-1,"4",Smaller5,400;404;400,24;24;24,"16.72",270004,d,322,"0"
197,test,Black,Fixation,Black,number4,400;400;400,0;0;0,lastStim,d,incorrect:Incorrect,"400",center,.jpg,"1",d k,hide,1.NM_2MN,leftNormal,rightMirror,No,Left,NORMAL,1.LeftNORMAL,"1","4",Smaller5,400;400;400,24;24;24,"16.67",271932,d,334,"1"
115,test,Black,Fixation,Black,number7,400;400;400,0;0;0,lastStim,d,incorrect:Incorrect,"400",center,.jpg,"1",d k,hide,1.NM_2MN,leftNormal,rightMirror,No,Left,NORMAL,1.LeftNORMAL,"1","7",Larger5,400;400;400,24;24;24,"16.67",273602,d,471,"1"
47,test,Black,Fixation,Black,number1Mirror,400;400;400,0;0;0,lastStim,k,incorrect:Incorrect,"400",center,.jpg,"1",d k,hide,1.NM_2MN,leftNormal,rightMirror,No,Right,MIRROR,1.LeftNORMAL,-1,"1",Smaller5,400;400;400,24;24;24,"16.67",274967,d,169,"0"
130,test,Black,Fixation,Black,number7Mirror,400;400;400,0;0;0,lastStim,k,incorrect:Incorrect,"400",center,.jpg,"1",d k,hide,1.NM_2MN,leftNormal,rightMirror,No,Right,MIRROR,1.LeftNORMAL,-1,"7",Larger5,400;400;400,24;24;24,"16.67",276894,d,329,"0"
268,test,Black,Fixation,Black,number9Mirror,400;400;400,0;0;0,lastStim,k,incorrect:Incorrect,"400",center,.jpg,"1",d k,hide,1.NM_2MN,leftNormal,rightMirror,No,Right,MIRROR,1.LeftNORMAL,-1,"9",Larger5,400;400;400,24;24;24,"16.67",278530,d,32,"0"
172,test,Black,Fixation,Black,number3,400;400;400,0;0;0,lastStim,d,incorrect:Incorrect,"400",center,.jpg,"1",d k,hide,1.NM_2MN,leftNormal,rightMirror,No,Left,NORMAL,1.LeftNORMAL,"1","3",Smaller5,405;400;400,24;24;24,"16.74",280184,d,47,"1"
216,test,Black,Fixation,Black,number6,400;400;400,0;0;0,lastStim,d,incorrect:Incorrect,"400",center,.jpg,"1",d k,hide,1.NM_2MN,leftNormal,rightMirror,No,Left,NORMAL,1.LeftNORMAL,"1","6",Larger5,400;400;400,24;24;24,"16.67",281476,d,104,"1"
58,test,Black,Fixation,Black,number3,400;400;400,0;0;0,lastStim,d,incorrect:Incorrect,"400",center,.jpg,"1",d k,hide,1.NM_2MN,leftNormal,rightMirror,No,Left,NORMAL,1.LeftNORMAL,"1","3",Smaller5,400;400;400,24;24;24,"16.67",282828,d,159,"1"
143,test,Black,Fixation,Black,number9Mirror,400;400;400,0;0;0,lastStim,k,incorrect:Incorrect,"400",center,.jpg,"1",d k,hide,1.NM_2MN,leftNormal,rightMirror,No,Right,MIRROR,1.LeftNORMAL,-1,"9",Larger5,400;400;400,24;24;24,"16.67",284091,d,71,"0"
61,test,Black,Fixation,Black,number3,400;400;400,0;0;0,lastStim,d,incorrect:Incorrect,"400",center,.jpg,"1",d k,hide,1.NM_2MN,leftNormal,rightMirror,No,Left,NORMAL,1.LeftNORMAL,"1","3",Smaller5,400;400;400,24;24;24,"16.67",285696,d,9,"1"
53,test,Black,Fixation,Black,number3,400;400;400,0;0;0,lastStim,d,incorrect:Incorrect,"400",center,.jpg,"1",d k,hide,1.NM_2MN,leftNormal,rightMirror,No,Left,NORMAL,1.LeftNORMAL,"1","3",Smaller5,400;400;400,24;24;24,"16.67",287115,d,229,"1"
186,test,Black,Fixation,Black,number3Mirror,400;400;400,0;0;0,lastStim,k,incorrect:Incorrect,"400",center,.jpg,"1",d k,hide,1.NM_2MN,leftNormal,rightMirror,No,Right,MIRROR,1.LeftNORMAL,-1,"3",Smaller5,400;400;400,24;24;24,"16.67",288866,d,563,"0"
256,test,Black,Fixation,Black,number9,400;400;400,0;0;0,lastStim,d,incorrect:Incorrect,"400",center,.jpg,"1",d k,hide,1.NM_2MN,leftNormal,rightMirror,No,Left,NORMAL,1.LeftNORMAL,"1","9",Larger5,404;400;400,24;24;24,"16.72",290544,d,71,"1"
44,test,Black,Fixation,Black,number1Mirror,400;400;400,0;0;0,lastStim,k,incorrect:Incorrect,"400",center,.jpg,"1",d k,hide,1.NM_2MN,leftNormal,rightMirror,No,Right,MIRROR,1.LeftNORMAL,-1,"1",Smaller5,400;400;400,24;24;24,"16.67",291810,d,70,"0"
95,test,Black,Fixation,Black,number6,400;400;400,0;0;0,lastStim,d,incorrect:Incorrect,"400",center,.jpg,"1",d k,hide,1.NM_2MN,leftNormal,rightMirror,No,Left,NORMAL,1.LeftNORMAL,"1","6",Larger5,400;400;400,24;24;24,"16.67",293529,d,122,"1"
70,test,Black,Fixation,Black,number3Mirror,400;400;400,0;0;0,lastStim,k,incorrect:Incorrect,"400",center,.jpg,"1",d k,hide,1.NM_2MN,leftNormal,rightMirror,No,Right,MIRROR,1.LeftNORMAL,-1,"3",Smaller5,400;400;400,24;24;24,"16.67",294911,d,188,"0"
104,test,Black,Fixation,Black,number6Mirror,400;400;400,0;0;0,lastStim,k,incorrect:Incorrect,"400",center,.jpg,"1",d k,hide,1.NM_2MN,leftNormal,rightMirror,No,Right,MIRROR,1.LeftNORMAL,-1,"6",Larger5,400;400;400,24;24;24,"16.67",296588,d,83,"0"
169,test,Black,Fixation,Black,number1Mirror,400;400;400,0;0;0,lastStim,k,incorrect:Incorrect,"400",center,.jpg,"1",d k,hide,1.NM_2MN,leftNormal,rightMirror,No,Right,MIRROR,1.LeftNORMAL,-1,"1",Smaller5,400;400;400,24;24;24,"16.67",298414,d,224,"0"
191,test,Black,Fixation,Black,number3Mirror,400;400;400,0;0;0,lastStim,k,incorrect:Incorrect,"400",center,.jpg,"1",d k,hide,1.NM_2MN,leftNormal,rightMirror,No,Right,MIRROR,1.LeftNORMAL,-1,"3",Smaller5,400;400;405,24;24;24,"16.74",317844,d,17833,"0"
194,test,Black,Fixation,Black,number4,400;400;400,0;0;0,lastStim,d,incorrect:Incorrect,"400",center,.jpg,"1",d k,hide,1.NM_2MN,leftNormal,rightMirror,No,Left,NORMAL,1.LeftNORMAL,"1","4",Smaller5,400;400;400,24;24;24,"16.67",319486,d,37,"1"
264,test,Black,Fixation,Black,number9Mirror,400;400;400,0;0;0,lastStim,k,incorrect:Incorrect,"400",center,.jpg,"1",d k,hide,1.NM_2MN,leftNormal,rightMirror,No,Right,MIRROR,1.LeftNORMAL,-1,"9",Larger5,400;400;400,24;24;24,"16.67",320684,d,1,"0"
52,test,Black,Fixation,Black,number3,400;400;400,0;0;0,lastStim,d,incorrect:Incorrect,"400",center,.jpg,"1",d k,hide,1.NM_2MN,leftNormal,rightMirror,No,Left,NORMAL,1.LeftNORMAL,"1","3",Smaller5,400;400;400,24;24;24,"16.67",322357,d,75,"1"
195,test,Black,Fixation,Black,number4,400;400;400,0;0;0,lastStim,d,incorrect:Incorrect,"400",center,.jpg,"1",d k,hide,1.NM_2MN,leftNormal,rightMirror,No,Left,NORMAL,1.LeftNORMAL,"1","4",Smaller5,400;400;400,24;24;24,"16.67",323699,d,150,"1"
230,test,Black,Fixation,Black,number6Mirror,400;400;400,0;0;0,lastStim,k,incorrect:Incorrect,"400",center,.jpg,"1",d k,hide,1.NM_2MN,leftNormal,rightMirror,No,Right,MIRROR,1.LeftNORMAL,-1,"6",Larger5,400;400;400,24;24;24,"16.67",325125,d,243,"0"
228,test,Black,Fixation,Black,number6Mirror,400;400;400,0;0;0,lastStim,k,incorrect:Incorrect,"400",center,.jpg,"1",d k,hide,1.NM_2MN,leftNormal,rightMirror,No,Right,MIRROR,1.LeftNORMAL,-1,"6",Larger5,400;400;400,24;24;24,"16.67",326721,d,4,"0"
137,test,Black,Fixation,Black,number9,400;400;400,0;0;0,lastStim,d,incorrect:Incorrect,"400",center,.jpg,"1",d k,hide,1.NM_2MN,leftNormal,rightMirror,No,Left,NORMAL,1.LeftNORMAL,"1","9",Larger5,404;400;400,24;24;24,"16.73",328344,d,23,"1"
214,test,Black,Fixation,Black,number6,400;400;400,0;0;0,lastStim,d,incorrect:Incorrect,"400",center,.jpg,"1",d k,hide,1.NM_2MN,leftNormal,rightMirror,No,Left,NORMAL,1.LeftNORMAL,"1","6",Larger5,400;400;400,24;24;24,"16.67",329616,d,78,"1"
125,test,Black,Fixation,Black,number7Mirror,400;400;400,0;0;0,lastStim,k,incorrect:Incorrect,"400",center,.jpg,"1",d k,hide,1.NM_2MN,leftNormal,rightMirror,No,Right,MIRROR,1.LeftNORMAL,-1,"7",Larger5,400;400;400,24;24;24,"16.67",330955,d,152,"0"
223,test,Black,Fixation,Black,number6Mirror,400;400;400,0;0;0,lastStim,k,incorrect:Incorrect,"400",center,.jpg,"1",d k,hide,1.NM_2MN,leftNormal,rightMirror,No,Right,MIRROR,1.LeftNORMAL,-1,"6",Larger5,400;400;400,24;24;24,"16.67",332586,d,32,"0"
100,test,Black,Fixation,Black,number6,400;400;400,0;0;0,lastStim,d,incorrect:Incorrect,"400",center,.jpg,"1",d k,hide,1.NM_2MN,leftNormal,rightMirror,No,Left,NORMAL,1.LeftNORMAL,"1","6",Larger5,400;400;400,24;24;24,"16.67",334492,d,305,"1"
259,test,Black,Fixation,Black,number9,400;400;400,0;0;0,lastStim,d,incorrect:Incorrect,"400",center,.jpg,"1",d k,hide,1.NM_2MN,leftNormal,rightMirror,No,Left,NORMAL,1.LeftNORMAL,"1","9",Larger5,400;400;400,24;24;24,"16.67",335829,d,143,"1"
219,test,Black,Fixation,Black,number6,400;400;400,0;0;0,lastStim,d,incorrect:Incorrect,"400",center,.jpg,"1",d k,hide,1.NM_2MN,leftNormal,rightMirror,No,Left,NORMAL,1.LeftNORMAL,"1","6",Larger5,400;400;400,24;24;24,"16.67",337136,d,116,"1"
165,test,Black,Fixation,Black,number1Mirror,400;400;400,0;0;0,lastStim,k,incorrect:Incorrect,"400",center,.jpg,"1",d k,hide,1.NM_2MN,leftNormal,rightMirror,No,Right,MIRROR,1.LeftNORMAL,-1,"1",Smaller5,405;400;400,24;24;24,"16.74",338451,d,126,"0"
235,test,Black,Fixation,Black,number7,400;400;400,0;0;0,lastStim,d,incorrect:Incorrect,"400",center,.jpg,"1",d k,hide,1.NM_2MN,leftNormal,rightMirror,No,Left,NORMAL,1.LeftNORMAL,"1","7",Larger5,400;400;400,24;24;24,"16.67",340139,d,80,"1"
251,test,Black,Fixation,Black,number7Mirror,400;400;400,0;0;0,lastStim,k,incorrect:Incorrect,"400",center,.jpg,"1",d k,hide,1.NM_2MN,leftNormal,rightMirror,No,Right,MIRROR,1.LeftNORMAL,-1,"7",Larger5,400;400;400,24;24;24,"16.67",341466,d,141,"0"
135,test,Black,Fixation,Black,number9,400;400;400,0;0;0,lastStim,d,incorrect:Incorrect,"400",center,.jpg,"1",d k,hide,1.NM_2MN,leftNormal,rightMirror,No,Left,NORMAL,1.LeftNORMAL,"1","9",Larger5,400;400;400,24;24;24,"16.67",343238,d,180,"1"
269,test,Black,Fixation,Black,number9Mirror,400;400;400,0;0;0,lastStim,k,incorrect:Incorrect,"400",center,.jpg,"1",d k,hide,1.NM_2MN,leftNormal,rightMirror,No,Right,MIRROR,1.LeftNORMAL,-1,"9",Larger5,400;400;400,24;24;24,"16.67",344431,d,6,"0"
152,test,Black,Fixation,Black,number1,400;400;400,0;0;0,lastStim,d,incorrect:Incorrect,"400",center,.jpg,"1",d k,hide,1.NM_2MN,leftNormal,rightMirror,No,Left,NORMAL,1.LeftNORMAL,"1","1",Smaller5,400;400;400,24;24;24,"16.67",346212,d,188,"1"
37,test,Black,Fixation,Black,number1,400;400;400,0;0;0,lastStim,d,incorrect:Incorrect,"400",center,.jpg,"1",d k,hide,1.NM_2MN,leftNormal,rightMirror,No,Left,NORMAL,1.LeftNORMAL,"1","1",Smaller5,400;400;400,24;24;24,"16.67",347414,d,6,"1"
81,test,Black,Fixation,Black,number4,400;400;400,0;0;0,lastStim,d,incorrect:Incorrect,"400",center,.jpg,"1",d k,hide,1.NM_2MN,leftNormal,rightMirror,No,Left,NORMAL,1.LeftNORMAL,"1","4",Smaller5,393;400;400,24;24;24,"16.58",348735,d,134,"1"
218,test,Black,Fixation,Black,number6,400;400;400,0;0;0,lastStim,d,incorrect:Incorrect,"400",center,.jpg,"1",d k,hide,1.NM_2MN,leftNormal,rightMirror,No,Left,NORMAL,1.LeftNORMAL,"1","6",Larger5,400;400;400,24;24;24,"16.67",350316,d,382,"1"
111,test,Black,Fixation,Black,number6Mirror,400;400;400,0;0;0,lastStim,k,incorrect:Incorrect,"400",center,.jpg,"1",d k,hide,1.NM_2MN,leftNormal,rightMirror,No,Right,MIRROR,1.LeftNORMAL,-1,"6",Larger5,400;400;400,24;24;24,"16.67",351602,d,101,"0"
59,test,Black,Fixation,Black,number3,400;400;400,0;0;0,lastStim,d,incorrect:Incorrect,"400",center,.jpg,"1",d k,hide,1.NM_2MN,leftNormal,rightMirror,No,Left,NORMAL,1.LeftNORMAL,"1","3",Smaller5,400;400;400,24;24;24,"16.67",353374,d,173,"1"
36,test,Black,Fixation,Black,number1,400;400;400,0;0;0,lastStim,d,incorrect:Incorrect,"400",center,.jpg,"1",d k,hide,1.NM_2MN,leftNormal,rightMirror,No,Left,NORMAL,1.LeftNORMAL,"1","1",Smaller5,400;400;400,24;24;24,"16.67",354613,d,46,"1"
153,test,Black,Fixation,Black,number1,400;400;400,0;0;0,lastStim,d,incorrect:Incorrect,"400",center,.jpg,"1",d k,hide,1.NM_2MN,leftNormal,rightMirror,No,Left,NORMAL,1.LeftNORMAL,"1","1",Smaller5,400;400;400,24;24;24,"16.67",355961,d,159,"1"
128,test,Black,Fixation,Black,number7Mirror,400;400;400,0;0;0,lastStim,k,incorrect:Incorrect,"400",center,.jpg,"1",d k,hide,1.NM_2MN,leftNormal,rightMirror,No,Right,MIRROR,1.LeftNORMAL,-1,"7",Larger5,400;400;400,24;24;24,"16.67",357241,d,89,"0"
177,test,Black,Fixation,Black,number3,400;400;400,0;0;0,lastStim,d,incorrect:Incorrect,"400",center,.jpg,"1",d k,hide,1.NM_2MN,leftNormal,rightMirror,No,Left,NORMAL,1.LeftNORMAL,"1","3",Smaller5,400;404;400,24;24;24,"16.73",358860,d,21,"1"
71,test,Black,Fixation,Black,number3Mirror,400;400;400,0;0;0,lastStim,k,incorrect:Incorrect,"400",center,.jpg,"1",d k,hide,1.NM_2MN,leftNormal,rightMirror,No,Right,MIRROR,1.LeftNORMAL,-1,"3",Smaller5,400;400;400,24;24;24,"16.67",360194,d,139,"0"
241,test,Black,Fixation,Black,number7,400;400;400,0;0;0,lastStim,d,incorrect:Incorrect,"400",center,.jpg,"1",d k,hide,1.NM_2MN,leftNormal,rightMirror,No,Left,NORMAL,1.LeftNORMAL,"1","7",Larger5,400;400;400,24;24;24,"16.67",361828,d,40,"1"
265,test,Black,Fixation,Black,number9Mirror,400;400;400,0;0;0,lastStim,k,incorrect:Incorrect,"400",center,.jpg,"1",d k,hide,1.NM_2MN,leftNormal,rightMirror,No,Right,MIRROR,1.LeftNORMAL,-1,"9",Larger5,400;400;400,24;24;24,"16.67",363214,d,192,"0"
168,test,Black,Fixation,Black,number1Mirror,400;400;400,0;0;0,lastStim,k,incorrect:Incorrect,"400",center,.jpg,"1",d k,hide,1.NM_2MN,leftNormal,rightMirror,No,Right,MIRROR,1.LeftNORMAL,-1,"1",Smaller5,400;400;400,24;24;24,"16.67",364939,d,117,"0"
254,test,Black,Fixation,Black,number9,400;400;400,0;0;0,lastStim,d,incorrect:Incorrect,"400",center,.jpg,"1",d k,hide,1.NM_2MN,leftNormal,rightMirror,No,Left,NORMAL,1.LeftNORMAL,"1","9",Larger5,400;400;400,24;24;24,"16.67",366643,d,105,"1"
66,test,Black,Fixation,Black,number3Mirror,400;400;400,0;0;0,lastStim,k,incorrect:Incorrect,"400",center,.jpg,"1",d k,hide,1.NM_2MN,leftNormal,rightMirror,No,Right,MIRROR,1.LeftNORMAL,-1,"3",Smaller5,400;400;400,24;24;24,"16.67",368099,d,261,"0"
56,test,Black,Fixation,Black,number3,400;400;400,0;0;0,lastStim,d,incorrect:Incorrect,"400",center,.jpg,"1",d k,hide,1.NM_2MN,leftNormal,rightMirror,No,Left,NORMAL,1.LeftNORMAL,"1","3",Smaller5,400;400;400,24;24;24,"16.67",369829,d,136,"1"
65,test,Black,Fixation,Black,number3Mirror,400;400;400,0;0;0,lastStim,k,incorrect:Incorrect,"400",center,.jpg,"1",d k,hide,1.NM_2MN,leftNormal,rightMirror,No,Right,MIRROR,1.LeftNORMAL,-1,"3",Smaller5,400;400;400,24;24;24,"16.67",371033,d,8,"0"
239,test,Black,Fixation,Black,number7,400;400;400,0;0;0,lastStim,d,incorrect:Incorrect,"400",center,.jpg,"1",d k,hide,1.NM_2MN,leftNormal,rightMirror,No,Left,NORMAL,1.LeftNORMAL,"1","7",Larger5,400;400;400,24;24;24,"16.67",372766,d,140,"1"
69,test,Black,Fixation,Black,number3Mirror,400;400;400,0;0;0,lastStim,k,incorrect:Incorrect,"400",center,.jpg,"1",d k,hide,1.NM_2MN,leftNormal,rightMirror,No,Right,MIRROR,1.LeftNORMAL,-1,"3",Smaller5,400;400;400,24;24;24,"16.67",373968,d,9,"0"
123,test,Black,Fixation,Black,number7Mirror,400;400;400,0;0;0,lastStim,k,incorrect:Incorrect,"400",center,.jpg,"1",d k,hide,1.NM_2MN,leftNormal,rightMirror,No,Right,MIRROR,1.LeftNORMAL,-1,"7",Larger5,400;400;400,24;24;24,"16.67",375606,d,47,"0"
32,test,Black,Fixation,Black,number1,400;400;400,0;0;0,lastStim,d,incorrect:Incorrect,"400",center,.jpg,"1",d k,hide,1.NM_2MN,leftNormal,rightMirror,No,Left,NORMAL,1.LeftNORMAL,"1","1",Smaller5,400;400;400,24;24;24,"16.67",377256,d,48,"1"
84,test,Black,Fixation,Black,number4Mirror,400;400;400,0;0;0,lastStim,k,incorrect:Incorrect,"400",center,.jpg,"1",d k,hide,1.NM_2MN,leftNormal,rightMirror,No,Right,MIRROR,1.LeftNORMAL,-1,"4",Smaller5,400;400;400,24;24;24,"16.67",378566,d,123,"0"
246,test,Black,Fixation,Black,number7Mirror,400;400;400,0;0;0,lastStim,k,incorrect:Incorrect,"400",center,.jpg,"1",d k,hide,1.NM_2MN,leftNormal,rightMirror,No,Right,MIRROR,1.LeftNORMAL,-1,"7",Larger5,400;400;400,24;24;24,"16.67",380193,d,29,"0"
237,test,Black,Fixation,Black,number7,400;400;400,0;0;0,lastStim,d,incorrect:Incorrect,"400",center,.jpg,"1",d k,hide,1.NM_2MN,leftNormal,rightMirror,No,Left,NORMAL,1.LeftNORMAL,"1","7",Larger5,400;400;400,24;24;24,"16.67",382014,d,217,"1"
200,test,Black,Fixation,Black,number4,400;400;400,0;0;0,lastStim,d,incorrect:Incorrect,"400",center,.jpg,"1",d k,hide,1.NM_2MN,leftNormal,rightMirror,No,Left,NORMAL,1.LeftNORMAL,"1","4",Smaller5,400;400;400,24;24;24,"16.67",383397,d,185,"1"
149,test,Black,Fixation,Black,number9Mirror,400;400;400,0;0;0,lastStim,k,incorrect:Incorrect,"400",center,.jpg,"1",d k,hide,1.NM_2MN,leftNormal,rightMirror,No,Right,MIRROR,1.LeftNORMAL,-1,"9",Larger5,400;400;400,24;24;24,"16.67",384786,d,189,"0"
184,test,Black,Fixation,Black,number3Mirror,400;400;400,0;0;0,lastStim,k,incorrect:Incorrect,"400",center,.jpg,"1",d k,hide,1.NM_2MN,leftNormal,rightMirror,No,Right,MIRROR,1.LeftNORMAL,-1,"3",Smaller5,400;400;400,24;24;24,"16.67",386456,d,75,"0"
54,test,Black,Fixation,Black,number3,400;400;400,0;0;0,lastStim,d,incorrect:Incorrect,"400",center,.jpg,"1",d k,hide,1.NM_2MN,leftNormal,rightMirror,No,Left,NORMAL,1.LeftNORMAL,"1","3",Smaller5,400;400;400,24;24;24,"16.67",388287,d,224,"1"
106,test,Black,Fixation,Black,number6Mirror,400;400;400,0;0;0,lastStim,k,incorrect:Incorrect,"400",center,.jpg,"1",d k,hide,1.NM_2MN,leftNormal,rightMirror,No,Right,MIRROR,1.LeftNORMAL,-1,"6",Larger5,400;407;400,24;24;24,"16.77",389539,d,51,"0"
244,test,Black,Fixation,Black,number7Mirror,400;400;400,0;0;0,lastStim,k,incorrect:Incorrect,"400",center,.jpg,"1",d k,hide,1.NM_2MN,leftNormal,rightMirror,No,Right,MIRROR,1.LeftNORMAL,-1,"7",Larger5,400;400;400,24;24;24,"16.67",391360,d,223,"0"
46,test,Black,Fixation,Black,number1Mirror,400;400;400,0;0;0,lastStim,k,incorrect:Incorrect,"400",center,.jpg,"1",d k,hide,1.NM_2MN,leftNormal,rightMirror,No,Right,MIRROR,1.LeftNORMAL,-1,"1",Smaller5,400;400;400,24;24;24,"16.67",393160,d,206,"0"
85,test,Black,Fixation,Black,number4Mirror,400;400;400,0;0;0,lastStim,k,incorrect:Incorrect,"400",center,.jpg,"1",d k,hide,1.NM_2MN,leftNormal,rightMirror,No,Right,MIRROR,1.LeftNORMAL,-1,"4",Smaller5,400;400;400,24;24;24,"16.67",394933,d,179,"0"
88,test,Black,Fixation,Black,number4Mirror,400;400;400,0;0;0,lastStim,k,incorrect:Incorrect,"400",center,.jpg,"1",d k,hide,1.NM_2MN,leftNormal,rightMirror,No,Right,MIRROR,1.LeftNORMAL,-1,"4",Smaller5,400;400;400,24;24;24,"16.67",396663,d,126,"0"
240,test,Black,Fixation,Black,number7,400;400;400,0;0;0,lastStim,d,incorrect:Incorrect,"400",center,.jpg,"1",d k,hide,1.NM_2MN,leftNormal,rightMirror,No,Left,NORMAL,1.LeftNORMAL,"1","7",Larger5,400;400;400,24;24;24,"16.67",398355,d,84,"1"
151,test,Black,Fixation,Black,number9Mirror,400;400;400,0;0;0,lastStim,k,incorrect:Incorrect,"400",center,.jpg,"1",d k,hide,1.NM_2MN,leftNormal,rightMirror,No,Right,MIRROR,1.LeftNORMAL,-1,"9",Larger5,400;407;400,24;24;24,"16.77",399600,d,40,"0"
150,test,Black,Fixation,Black,number9Mirror,400;400;400,0;0;0,lastStim,k,incorrect:Incorrect,"400",center,.jpg,"1",d k,hide,1.NM_2MN,leftNormal,rightMirror,No,Right,MIRROR,1.LeftNORMAL,-1,"9",Larger5,400;400;400,24;24;24,"16.67",401260,d,66,"0"
76,test,Black,Fixation,Black,number4,400;400;400,0;0;0,lastStim,d,incorrect:Incorrect,"400",center,.jpg,"1",d k,hide,1.NM_2MN,leftNormal,rightMirror,No,Left,NORMAL,1.LeftNORMAL,"1","4",Smaller5,400;400;400,24;24;24,"16.67",402937,d,76,"1"
247,test,Black,Fixation,Black,number7Mirror,400;400;400,0;0;0,lastStim,k,incorrect:Incorrect,"400",center,.jpg,"1",d k,hide,1.NM_2MN,leftNormal,rightMirror,No,Right,MIRROR,1.LeftNORMAL,-1,"7",Larger5,400;400;400,24;24;24,"16.67",404482,d,355,"0"
105,test,Black,Fixation,Black,number6Mirror,400;400;400,0;0;0,lastStim,k,incorrect:Incorrect,"400",center,.jpg,"1",d k,hide,1.NM_2MN,leftNormal,rightMirror,No,Right,MIRROR,1.LeftNORMAL,-1,"6",Larger5,400;400;400,24;24;24,"16.67",406126,d,49,"0"
134,test,Black,Fixation,Black,number9,400;400;400,0;0;0,lastStim,d,incorrect:Incorrect,"400",center,.jpg,"1",d k,hide,1.NM_2MN,leftNormal,rightMirror,No,Left,NORMAL,1.LeftNORMAL,"1","9",Larger5,400;400;400,24;24;24,"16.67",407852,d,124,"1"
78,test,Black,Fixation,Black,number4,400;400;400,0;0;0,lastStim,d,incorrect:Incorrect,"400",center,.jpg,"1",d k,hide,1.NM_2MN,leftNormal,rightMirror,No,Left,NORMAL,1.LeftNORMAL,"1","4",Smaller5,400;400;400,24;24;24,"16.67",409081,d,37,"1"
174,test,Black,Fixation,Black,number3,400;400;400,0;0;0,lastStim,d,incorrect:Incorrect,"400",center,.jpg,"1",d k,hide,1.NM_2MN,leftNormal,rightMirror,No,Left,NORMAL,1.LeftNORMAL,"1","3",Smaller5,406;400;400,24;24;24,"16.76",410354,d,88,"1"
107,test,Black,Fixation,Black,number6Mirror,400;400;400,0;0;0,lastStim,k,incorrect:Incorrect,"400",center,.jpg,"1",d k,hide,1.NM_2MN,leftNormal,rightMirror,No,Right,MIRROR,1.LeftNORMAL,-1,"6",Larger5,400;400;400,24;24;24,"16.67",411556,d,5,"0"
263,test,Black,Fixation,Black,number9Mirror,400;400;400,0;0;0,lastStim,k,incorrect:Incorrect,"400",center,.jpg,"1",d k,hide,1.NM_2MN,leftNormal,rightMirror,No,Right,MIRROR,1.LeftNORMAL,-1,"9",Larger5,400;400;400,24;24;24,"16.67",413439,d,289,"0"
226,test,Black,Fixation,Black,number6Mirror,400;400;400,0;0;0,lastStim,k,incorrect:Incorrect,"400",center,.jpg,"1",d k,hide,1.NM_2MN,leftNormal,rightMirror,No,Right,MIRROR,1.LeftNORMAL,-1,"6",Larger5,400;400;400,24;24;24,"16.67",415090,d,56,"0"
144,test,Black,Fixation,Black,number9Mirror,400;400;400,0;0;0,lastStim,k,incorrect:Incorrect,"400",center,.jpg,"1",d k,hide,1.NM_2MN,leftNormal,rightMirror,No,Right,MIRROR,1.LeftNORMAL,-1,"9",Larger5,400;400;400,24;24;24,"16.67",416805,d,123,"0"
267,test,Black,Fixation,Black,number9Mirror,400;400;400,0;0;0,lastStim,k,incorrect:Incorrect,"400",center,.jpg,"1",d k,hide,1.NM_2MN,leftNormal,rightMirror,No,Right,MIRROR,1.LeftNORMAL,-1,"9",Larger5,400;400;400,24;24;24,"16.67",418541,d,142,"0"
157,test,Black,Fixation,Black,number1,400;400;400,0;0;0,lastStim,d,incorrect:Incorrect,"400",center,.jpg,"1",d k,hide,1.NM_2MN,leftNormal,rightMirror,No,Left,NORMAL,1.LeftNORMAL,"1","1",Smaller5,400;404;400,24;24;24,"16.73",420477,d,324,"1"
199,test,Black,Fixation,Black,number4,400;400;400,0;0;0,lastStim,d,incorrect:Incorrect,"400",center,.jpg,"1",d k,hide,1.NM_2MN,leftNormal,rightMirror,No,Left,NORMAL,1.LeftNORMAL,"1","4",Smaller5,400;400;400,24;24;24,"16.67",421938,d,267,"1"
118,test,Black,Fixation,Black,number7,400;400;400,0;0;0,lastStim,d,incorrect:Incorrect,"400",center,.jpg,"1",d k,hide,1.NM_2MN,leftNormal,rightMirror,No,Left,NORMAL,1.LeftNORMAL,"1","7",Larger5,400;400;400,24;24;24,"16.67",423409,d,272,"1"
221,test,Black,Fixation,Black,number6,400;400;400,0;0;0,lastStim,d,incorrect:Incorrect,"400",center,.jpg,"1",d k,hide,1.NM_2MN,leftNormal,rightMirror,No,Left,NORMAL,1.LeftNORMAL,"1","6",Larger5,400;400;400,24;24;24,"16.67",424694,d,91,"1"
203,test,Black,Fixation,Black,number4Mirror,400;400;400,0;0;0,lastStim,k,incorrect:Incorrect,"400",center,.jpg,"1",d k,hide,1.NM_2MN,leftNormal,rightMirror,No,Right,MIRROR,1.LeftNORMAL,-1,"4",Smaller5,400;400;400,24;24;24,"16.67",426729,d,842,"0"
187,test,Black,Fixation,Black,number3Mirror,400;400;400,0;0;0,lastStim,k,incorrect:Incorrect,"400",center,.jpg,"1",d k,hide,1.NM_2MN,leftNormal,rightMirror,No,Right,MIRROR,1.LeftNORMAL,-1,"3",Smaller5,400;400;400,24;24;24,"16.67",428555,d,218,"0"
92,test,Black,Fixation,Black,number6,400;400;400,0;0;0,lastStim,d,incorrect:Incorrect,"400",center,.jpg,"1",d k,hide,1.NM_2MN,leftNormal,rightMirror,No,Left,NORMAL,1.LeftNORMAL,"1","6",Larger5,400;400;407,24;24;24,"16.77",430364,d,204,"1"
45,test,Black,Fixation,Black,number1Mirror,400;400;400,0;0;0,lastStim,k,incorrect:Incorrect,"400",center,.jpg,"1",d k,hide,1.NM_2MN,leftNormal,rightMirror,No,Right,MIRROR,1.LeftNORMAL,-1,"1",Smaller5,400;400;400,24;24;24,"16.67",433776,d,2216,"0"
215,test,Black,Fixation,Black,number6,400;400;400,0;0;0,lastStim,d,incorrect:Incorrect,"400",center,.jpg,"1",d k,hide,1.NM_2MN,leftNormal,rightMirror,No,Left,NORMAL,1.LeftNORMAL,"1","6",Larger5,400;400;400,24;24;24,"16.67",435402,d,25,"1"
145,test,Black,Fixation,Black,number9Mirror,400;400;400,0;0;0,lastStim,k,incorrect:Incorrect,"400",center,.jpg,"1",d k,hide,1.NM_2MN,leftNormal,rightMirror,No,Right,MIRROR,1.LeftNORMAL,-1,"9",Larger5,400;400;400,24;24;24,"16.67",436844,d,251,"0"
160,test,Black,Fixation,Black,number1,400;400;400,0;0;0,lastStim,d,incorrect:Incorrect,"400",center,.jpg,"1",d k,hide,1.NM_2MN,leftNormal,rightMirror,No,Left,NORMAL,1.LeftNORMAL,"1","1",Smaller5,400;400;400,24;24;24,"16.67",445892,d,7448,"1"
122,test,Black,Fixation,Black,number7Mirror,400;400;400,0;0;0,lastStim,k,incorrect:Incorrect,"400",center,.jpg,"1",d k,hide,1.NM_2MN,leftNormal,rightMirror,No,Right,MIRROR,1.LeftNORMAL,-1,"7",Larger5,400;407;400,24;24;24,"16.76",447405,d,321,"0"
112,test,Black,Fixation,Black,number7,400;400;400,0;0;0,lastStim,d,incorrect:Incorrect,"400",center,.jpg,"1",d k,hide,1.NM_2MN,leftNormal,rightMirror,No,Left,NORMAL,1.LeftNORMAL,"1","7",Larger5,400;400;400,24;24;24,"16.67",449309,d,310,"1"
225,test,Black,Fixation,Black,number6Mirror,400;400;400,0;0;0,lastStim,k,incorrect:Incorrect,"400",center,.jpg,"1",d k,hide,1.NM_2MN,leftNormal,rightMirror,No,Right,MIRROR,1.LeftNORMAL,-1,"6",Larger5,400;400;400,24;24;24,"16.67",450562,d,62,"0"
207,test,Black,Fixation,Black,number4Mirror,400;400;400,0;0;0,lastStim,k,incorrect:Incorrect,"400",center,.jpg,"1",d k,hide,1.NM_2MN,leftNormal,rightMirror,No,Right,MIRROR,1.LeftNORMAL,-1,"4",Smaller5,400;400;400,24;24;24,"16.67",452181,d,15,"0"
198,test,Black,Fixation,Black,number4,400;400;400,0;0;0,lastStim,d,incorrect:Incorrect,"400",center,.jpg,"1",d k,hide,1.NM_2MN,leftNormal,rightMirror,No,Left,NORMAL,1.LeftNORMAL,"1","4",Smaller5,400;400;400,24;24;24,"16.67",453874,d,92,"1"
136,test,Black,Fixation,Black,number9,400;400;400,0;0;0,lastStim,d,incorrect:Incorrect,"400",center,.jpg,"1",d k,hide,1.NM_2MN,leftNormal,rightMirror,No,Left,NORMAL,1.LeftNORMAL,"1","9",Larger5,400;400;400,24;24;24,"16.67",455177,d,111,"1"
181,test,Black,Fixation,Black,number3,400;400;400,0;0;0,lastStim,d,incorrect:Incorrect,"400",center,.jpg,"1",d k,hide,1.NM_2MN,leftNormal,rightMirror,No,Left,NORMAL,1.LeftNORMAL,"1","3",Smaller5,400;400;400,24;24;24,"16.67",456761,d,395,"1"
158,test,Black,Fixation,Black,number1,400;400;400,0;0;0,lastStim,d,incorrect:Incorrect,"400",center,.jpg,"1",d k,hide,1.NM_2MN,leftNormal,rightMirror,No,Left,NORMAL,1.LeftNORMAL,"1","1",Smaller5,400;400;400,24;24;24,"16.67",458006,d,49,"1"
51,test,Black,Fixation,Black,number1Mirror,400;400;400,0;0;0,lastStim,k,incorrect:Incorrect,"400",center,.jpg,"1",d k,hide,1.NM_2MN,leftNormal,rightMirror,No,Right,MIRROR,1.LeftNORMAL,-1,"1",Smaller5,400;400;400,24;24;24,"16.67",459293,d,102,"0"
213,test,Black,Fixation,Black,number6,400;400;400,0;0;0,lastStim,d,incorrect:Incorrect,"400",center,.jpg,"1",d k,hide,1.NM_2MN,leftNormal,rightMirror,No,Left,NORMAL,1.LeftNORMAL,"1","6",Larger5,400;400;400,24;24;24,"16.67",461028,d,138,"1"
188,test,Black,Fixation,Black,number3Mirror,400;400;400,0;0;0,lastStim,k,incorrect:Incorrect,"400",center,.jpg,"1",d k,hide,1.NM_2MN,leftNormal,rightMirror,No,Right,MIRROR,1.LeftNORMAL,-1,"3",Smaller5,400;400;400,24;24;24,"16.67",463767,d,1543,"0"
243,test,Black,Fixation,Black,number7Mirror,400;400;400,0;0;0,lastStim,k,incorrect:Incorrect,"400",center,.jpg,"1",d k,hide,1.NM_2MN,leftNormal,rightMirror,No,Right,MIRROR,1.LeftNORMAL,-1,"7",Larger5,400;400;400,24;24;24,"16.67",465416,d,42,"0"
39,test,Black,Fixation,Black,number1,400;400;400,0;0;0,lastStim,d,incorrect:Incorrect,"400",center,.jpg,"1",d k,hide,1.NM_2MN,leftNormal,rightMirror,No,Left,NORMAL,1.LeftNORMAL,"1","1",Smaller5,400;400;405,24;24;24,"16.74",467248,d,219,"1"
116,test,Black,Fixation,Black,number7,400;400;400,0;0;0,lastStim,d,incorrect:Incorrect,"400",center,.jpg,"1",d k,hide,1.NM_2MN,leftNormal,rightMirror,No,Left,NORMAL,1.LeftNORMAL,"1","7",Larger5,400;400;400,24;24;24,"16.67",468562,d,117,"1"
148,test,Black,Fixation,Black,number9Mirror,400;400;400,0;0;0,lastStim,k,incorrect:Incorrect,"400",center,.jpg,"1",d k,hide,1.NM_2MN,leftNormal,rightMirror,No,Right,MIRROR,1.LeftNORMAL,-1,"9",Larger5,400;400;400,24;24;24,"16.67",469921,d,159,"0"
34,test,Black,Fixation,Black,number1,400;400;400,0;0;0,lastStim,d,incorrect:Incorrect,"400",center,.jpg,"1",d k,hide,1.NM_2MN,leftNormal,rightMirror,No,Left,NORMAL,1.LeftNORMAL,"1","1",Smaller5,400;400;400,24;24;24,"16.67",471762,d,234,"1"
33,test,Black,Fixation,Black,number1,400;400;400,0;0;0,lastStim,d,incorrect:Incorrect,"400",center,.jpg,"1",d k,hide,1.NM_2MN,leftNormal,rightMirror,No,Left,NORMAL,1.LeftNORMAL,"1","1",Smaller5,400;400;400,24;24;24,"16.67",473054,d,92,"1"
35,test,Black,Fixation,Black,number1,400;400;400,0;0;0,lastStim,d,incorrect:Incorrect,"400",center,.jpg,"1",d k,hide,1.NM_2MN,leftNormal,rightMirror,No,Left,NORMAL,1.LeftNORMAL,"1","1",Smaller5,400;400;400,24;24;24,"16.67",474650,d,404,"1"
209,test,Black,Fixation,Black,number4Mirror,400;400;400,0;0;0,lastStim,k,incorrect:Incorrect,"400",center,.jpg,"1",d k,hide,1.NM_2MN,leftNormal,rightMirror,No,Right,MIRROR,1.LeftNORMAL,-1,"4",Smaller5,400;400;400,24;24;24,"16.67",475900,d,55,"0"
109,test,Black,Fixation,Black,number6Mirror,400;400;400,0;0;0,lastStim,k,incorrect:Incorrect,"400",center,.jpg,"1",d k,hide,1.NM_2MN,leftNormal,rightMirror,No,Right,MIRROR,1.LeftNORMAL,-1,"6",Larger5,400;394;400,24;24;24,"16.59",477753,d,263,"0"
77,test,Black,Fixation,Black,number4,400;400;400,0;0;0,lastStim,d,incorrect:Incorrect,"400",center,.jpg,"1",d k,hide,1.NM_2MN,leftNormal,rightMirror,No,Left,NORMAL,1.LeftNORMAL,"1","4",Smaller5,400;400;400,24;24;24,"16.67",479458,d,102,"1"
176,test,Black,Fixation,Black,number3,400;400;400,0;0;0,lastStim,d,incorrect:Incorrect,"400",center,.jpg,"1",d k,hide,1.NM_2MN,leftNormal,rightMirror,No,Left,NORMAL,1.LeftNORMAL,"1","3",Smaller5,400;400;400,24;24;24,"16.67",480814,d,158,"1"
117,test,Black,Fixation,Black,number7,400;400;400,0;0;0,lastStim,d,incorrect:Incorrect,"400",center,.jpg,"1",d k,hide,1.NM_2MN,leftNormal,rightMirror,No,Left,NORMAL,1.LeftNORMAL,"1","7",Larger5,400;400;400,24;24;24,"16.67",482375,d,369,"1"
129,test,Black,Fixation,Black,number7Mirror,400;400;400,0;0;0,lastStim,k,incorrect:Incorrect,"400",center,.jpg,"1",d k,hide,1.NM_2MN,leftNormal,rightMirror,No,Right,MIRROR,1.LeftNORMAL,-1,"7",Larger5,400;400;400,24;24;24,"16.67",483720,d,147,"0"
50,test,Black,Fixation,Black,number1Mirror,400;400;400,0;0;0,lastStim,k,incorrect:Incorrect,"400",center,.jpg,"1",d k,hide,1.NM_2MN,leftNormal,rightMirror,No,Right,MIRROR,1.LeftNORMAL,-1,"1",Smaller5,400;400;400,24;24;24,"16.67",485341,d,18,"0"
185,test,Black,Fixation,Black,number3Mirror,400;400;400,0;0;0,lastStim,k,incorrect:Incorrect,"400",center,.jpg,"1",d k,hide,1.NM_2MN,leftNormal,rightMirror,No,Right,MIRROR,1.LeftNORMAL,-1,"3",Smaller5,400;400;400,24;24;24,"16.67",487197,d,258,"0"
154,test,Black,Fixation,Black,number1,400;400;400,0;0;0,lastStim,d,incorrect:Incorrect,"400",center,.jpg,"1",d k,hide,1.NM_2MN,leftNormal,rightMirror,No,Left,NORMAL,1.LeftNORMAL,"1","1",Smaller5,400;400;400,24;24;24,"16.67",488999,d,206,"1"
229,test,Black,Fixation,Black,number6Mirror,400;400;400,0;0;0,lastStim,k,incorrect:Incorrect,"400",center,.jpg,"1",d k,hide,1.NM_2MN,leftNormal,rightMirror,No,Right,MIRROR,1.LeftNORMAL,-1,"6",Larger5,400;400;400,24;24;24,"16.67",490203,d,9,"0"
261,test,Black,Fixation,Black,number9,400;400;400,0;0;0,lastStim,d,incorrect:Incorrect,"400",center,.jpg,"1",d k,hide,1.NM_2MN,leftNormal,rightMirror,No,Left,NORMAL,1.LeftNORMAL,"1","9",Larger5,400;400;400,24;24;24,"16.67",491983,d,189,"1"
93,test,Black,Fixation,Black,number6,400;400;400,0;0;0,lastStim,d,incorrect:Incorrect,"400",center,.jpg,"1",d k,hide,1.NM_2MN,leftNormal,rightMirror,No,Left,NORMAL,1.LeftNORMAL,"1","6",Larger5,400;400;400,24;24;24,"16.67",493337,d,160,"1"
127,test,Black,Fixation,Black,number7Mirror,400;400;400,0;0;0,lastStim,k,incorrect:Incorrect,"400",center,.jpg,"1",d k,hide,1.NM_2MN,leftNormal,rightMirror,No,Right,MIRROR,1.LeftNORMAL,-1,"7",Larger5,400;400;400,24;24;24,"16.67",494609,d,83,"0"
257,test,Black,Fixation,Black,number9,400;400;400,0;0;0,lastStim,d,incorrect:Incorrect,"400",center,.jpg,"1",d k,hide,1.NM_2MN,leftNormal,rightMirror,No,Left,NORMAL,1.LeftNORMAL,"1","9",Larger5,400;400;400,24;24;24,"16.67",496411,d,201,"1"
210,test,Black,Fixation,Black,number4Mirror,400;400;400,0;0;0,lastStim,k,incorrect:Incorrect,"400",center,.jpg,"1",d k,hide,1.NM_2MN,leftNormal,rightMirror,No,Right,MIRROR,1.LeftNORMAL,-1,"4",Smaller5,400;400;405,24;24;24,"16.73",497738,d,123,"0"
171,test,Black,Fixation,Black,number1Mirror,400;400;400,0;0;0,lastStim,k,incorrect:Incorrect,"400",center,.jpg,"1",d k,hide,1.NM_2MN,leftNormal,rightMirror,No,Right,MIRROR,1.LeftNORMAL,-1,"1",Smaller5,400;400;400,24;24;24,"16.67",499334,d,3,"0"
231,test,Black,Fixation,Black,number6Mirror,400;400;400,0;0;0,lastStim,k,incorrect:Incorrect,"400",center,.jpg,"1",d k,hide,1.NM_2MN,leftNormal,rightMirror,No,Right,MIRROR,1.LeftNORMAL,-1,"6",Larger5,400;400;400,24;24;24,"16.67",501047,d,117,"0"
140,test,Black,Fixation,Black,number9,400;400;400,0;0;0,lastStim,d,incorrect:Incorrect,"400",center,.jpg,"1",d k,hide,1.NM_2MN,leftNormal,rightMirror,No,Left,NORMAL,1.LeftNORMAL,"1","9",Larger5,400;400;400,24;24;24,"16.67",502739,d,92,"1"
90,test,Black,Fixation,Black,number4Mirror,400;400;400,0;0;0,lastStim,k,incorrect:Incorrect,"400",center,.jpg,"1",d k,hide,1.NM_2MN,leftNormal,rightMirror,No,Right,MIRROR,1.LeftNORMAL,-1,"4",Smaller5,400;400;400,24;24;24,"16.67",504507,d,577,"0"
121,test,Black,Fixation,Black,number7,400;400;400,0;0;0,lastStim,d,incorrect:Incorrect,"400",center,.jpg,"1",d k,hide,1.NM_2MN,leftNormal,rightMirror,No,Left,NORMAL,1.LeftNORMAL,"1","7",Larger5,400;400;400,24;24;24,"16.67",506216,d,102,"1"
212,test,Black,Fixation,Black,number6,400;400;400,0;0;0,lastStim,d,incorrect:Incorrect,"400",center,.jpg,"1",d k,hide,1.NM_2MN,leftNormal,rightMirror,No,Left,NORMAL,1.LeftNORMAL,"1","6",Larger5,400;400;400,24;24;24,"16.67",507498,d,84,"1"
43,test,Black,Fixation,Black,number1Mirror,400;400;400,0;0;0,lastStim,k,incorrect:Incorrect,"400",center,.jpg,"1",d k,hide,1.NM_2MN,leftNormal,rightMirror,No,Right,MIRROR,1.LeftNORMAL,-1,"1",Smaller5,400;400;400,24;24;24,"16.67",508940,d,249,"0"
173,test,Black,Fixation,Black,number3,400;400;400,0;0;0,lastStim,d,incorrect:Incorrect,"400",center,.jpg,"1",d k,hide,1.NM_2MN,leftNormal,rightMirror,No,Left,NORMAL,1.LeftNORMAL,"1","3",Smaller5,400;400;400,24;24;24,"16.67",510624,d,83,"1"
96,test,Black,Fixation,Black,number6,400;400;400,0;0;0,lastStim,d,incorrect:Incorrect,"400",center,.jpg,"1",d k,hide,1.NM_2MN,leftNormal,rightMirror,No,Left,NORMAL,1.LeftNORMAL,"1","6",Larger5,400;400;400,24;24;24,"16.67",512051,d,226,"1"
110,test,Black,Fixation,Black,number6Mirror,400;400;400,0;0;0,lastStim,k,incorrect:Incorrect,"400",center,.jpg,"1",d k,hide,1.NM_2MN,leftNormal,rightMirror,No,Right,MIRROR,1.LeftNORMAL,-1,"6",Larger5,400;400;400,24;24;24,"16.67",513379,d,138,"0"
291,test,Black,Fixation,Black,number7,400;400;400,0;0;0,lastStim,k,incorrect:Incorrect,"400",center,.jpg,"1",d k,hide,1.NM_2MN,leftMirror,rightNormal,yes,Right,NORMAL,2.LeftMIRROR,-1,"7",Larger5,400;400;400,24;24;24,"16.67",530397,d,696,"0"
298,test,Black,Fixation,Black,number9Mirror,400;400;400,0;0;0,lastStim,d,incorrect:Incorrect,"400",center,.jpg,"1",d k,hide,1.NM_2MN,leftMirror,rightNormal,yes,Left,MIRROR,2.LeftMIRROR,"1","9",Larger5,400;400;400,24;24;24,"16.67",532043,d,43,"1"
283,test,Black,Fixation,Black,number4,400;400;400,0;0;0,lastStim,k,incorrect:Incorrect,"400",center,.jpg,"1",d k,hide,1.NM_2MN,leftMirror,rightNormal,yes,Right,NORMAL,2.LeftMIRROR,-1,"4",Smaller5,400;400;400,24;24;24,"16.67",533280,d,47,"0"
292,test,Black,Fixation,Black,number7,400;400;400,0;0;0,lastStim,k,incorrect:Incorrect,"400",center,.jpg,"1",d k,hide,1.NM_2MN,leftMirror,rightNormal,yes,Right,NORMAL,2.LeftMIRROR,-1,"7",Larger5,400;400;400,24;24;24,"16.67",535008,d,134,"0"
276,test,Black,Fixation,Black,number1,400;400;400,0;0;0,lastStim,k,incorrect:Incorrect,"400",center,.jpg,"1",d k,hide,1.NM_2MN,leftMirror,rightNormal,yes,Right,NORMAL,2.LeftMIRROR,-1,"1",Smaller5,400;400;400,24;24;24,"16.67",536767,d,161,"0"
294,test,Black,Fixation,Black,number7Mirror,400;400;400,0;0;0,lastStim,d,incorrect:Incorrect,"400",center,.jpg,"1",d k,hide,1.NM_2MN,leftMirror,rightNormal,yes,Left,MIRROR,2.LeftMIRROR,"1","7",Larger5,400;400;400,24;24;24,"16.67",538458,d,85,"1"
275,test,Black,Fixation,Black,number1,400;400;400,0;0;0,lastStim,k,incorrect:Incorrect,"400",center,.jpg,"1",d k,hide,1.NM_2MN,leftMirror,rightNormal,yes,Right,NORMAL,2.LeftMIRROR,-1,"1",Smaller5,400;400;400,24;24;24,"16.67",539781,d,124,"0"
287,test,Black,Fixation,Black,number6,400;400;400,0;0;0,lastStim,k,incorrect:Incorrect,"400",center,.jpg,"1",d k,hide,1.NM_2MN,leftMirror,rightNormal,yes,Right,NORMAL,2.LeftMIRROR,-1,"6",Larger5,400;400;400,24;24;24,"16.67",541382,d,10,"0"
296,test,Black,Fixation,Black,number9,400;400;400,0;0;0,lastStim,k,incorrect:Incorrect,"400",center,.jpg,"1",d k,hide,1.NM_2MN,leftMirror,rightNormal,yes,Right,NORMAL,2.LeftMIRROR,-1,"9",Larger5,400;400;400,24;24;24,"16.67",543173,d,201,"0"
281,test,Black,Fixation,Black,number3Mirror,400;400;400,0;0;0,lastStim,d,incorrect:Incorrect,"400",center,.jpg,"1",d k,hide,1.NM_2MN,leftMirror,rightNormal,yes,Left,MIRROR,2.LeftMIRROR,"1","3",Smaller5,400;404;400,24;24;24,"16.73",544847,d,69,"1"
280,test,Black,Fixation,Black,number3,400;400;400,0;0;0,lastStim,k,incorrect:Incorrect,"400",center,.jpg,"1",d k,hide,1.NM_2MN,leftMirror,rightNormal,yes,Right,NORMAL,2.LeftMIRROR,-1,"3",Smaller5,400;400;400,24;24;24,"16.67",546175,d,130,"0"
293,test,Black,Fixation,Black,number7Mirror,400;400;400,0;0;0,lastStim,d,incorrect:Incorrect,"400",center,.jpg,"1",d k,hide,1.NM_2MN,leftMirror,rightNormal,yes,Left,MIRROR,2.LeftMIRROR,"1","7",Larger5,400;400;400,24;24;24,"16.67",547959,d,182,"1"
278,test,Black,Fixation,Black,number1Mirror,400;400;400,0;0;0,lastStim,d,incorrect:Incorrect,"400",center,.jpg,"1",d k,hide,1.NM_2MN,leftMirror,rightNormal,yes,Left,MIRROR,2.LeftMIRROR,"1","1",Smaller5,400;400;400,24;24;24,"16.67",549339,d,195,"1"
295,test,Black,Fixation,Black,number9,400;400;400,0;0;0,lastStim,k,incorrect:Incorrect,"400",center,.jpg,"1",d k,hide,1.NM_2MN,leftMirror,rightNormal,yes,Right,NORMAL,2.LeftMIRROR,-1,"9",Larger5,400;400;400,24;24;24,"16.67",550975,d,447,"0"
297,test,Black,Fixation,Black,number9Mirror,400;400;400,0;0;0,lastStim,d,incorrect:Incorrect,"400",center,.jpg,"1",d k,hide,1.NM_2MN,leftMirror,rightNormal,yes,Left,MIRROR,2.LeftMIRROR,"1","9",Larger5,400;400;400,24;24;24,"16.67",552675,d,98,"1"
286,test,Black,Fixation,Black,number4Mirror,400;400;400,0;0;0,lastStim,d,incorrect:Incorrect,"400",center,.jpg,"1",d k,hide,1.NM_2MN,leftMirror,rightNormal,yes,Left,MIRROR,2.LeftMIRROR,"1","4",Smaller5,400;400;400,24;24;24,"16.67",554110,d,250,"1"
288,test,Black,Fixation,Black,number6,400;400;400,0;0;0,lastStim,k,incorrect:Incorrect,"400",center,.jpg,"1",d k,hide,1.NM_2MN,leftMirror,rightNormal,yes,Right,NORMAL,2.LeftMIRROR,-1,"6",Larger5,404;400;400,24;24;24,"16.73",555424,d,126,"0"
277,test,Black,Fixation,Black,number1Mirror,400;400;400,0;0;0,lastStim,d,incorrect:Incorrect,"400",center,.jpg,"1",d k,hide,1.NM_2MN,leftMirror,rightNormal,yes,Left,MIRROR,2.LeftMIRROR,"1","1",Smaller5,400;400;400,24;24;24,"16.67",557078,d,63,"1"
289,test,Black,Fixation,Black,number6Mirror,400;400;400,0;0;0,lastStim,d,incorrect:Incorrect,"400",center,.jpg,"1",d k,hide,1.NM_2MN,leftMirror,rightNormal,yes,Left,MIRROR,2.LeftMIRROR,"1","6",Larger5,400;400;400,24;24;24,"16.67",558519,d,253,"1"
290,test,Black,Fixation,Black,number6Mirror,400;400;400,0;0;0,lastStim,d,incorrect:Incorrect,"400",center,.jpg,"1",d k,hide,1.NM_2MN,leftMirror,rightNormal,yes,Left,MIRROR,2.LeftMIRROR,"1","6",Larger5,400;400;400,24;24;24,"16.67",561638,d,1924,"1"
285,test,Black,Fixation,Black,number4Mirror,400;400;400,0;0;0,lastStim,d,incorrect:Incorrect,"400",center,.jpg,"1",d k,hide,1.NM_2MN,leftMirror,rightNormal,yes,Left,MIRROR,2.LeftMIRROR,"1","4",Smaller5,400;400;400,24;24;24,"16.67",565376,d,2544,"1"
279,test,Black,Fixation,Black,number3,400;400;400,0;0;0,lastStim,k,incorrect:Incorrect,"400",center,.jpg,"1",d k,hide,1.NM_2MN,leftMirror,rightNormal,yes,Right,NORMAL,2.LeftMIRROR,-1,"3",Smaller5,400;405;400,24;24;24,"16.74",566666,d,96,"0"
282,test,Black,Fixation,Black,number3Mirror,400;400;400,0;0;0,lastStim,d,incorrect:Incorrect,"400",center,.jpg,"1",d k,hide,1.NM_2MN,leftMirror,rightNormal,yes,Right,MIRROR,2.LeftMIRROR,-1,"3",Smaller5,400;400;400,24;24;24,"16.67",569839,d,1569,"1"
284,test,Black,Fixation,Black,number4,400;400;400,0;0;0,lastStim,k,incorrect:Incorrect,"400",center,.jpg,"1",d k,hide,1.NM_2MN,leftMirror,rightNormal,yes,Right,NORMAL,2.LeftMIRROR,-1,"4",Smaller5,400;400;400,24;24;24,"16.67",571229,d,192,"0"
538,test,Black,Fixation,Black,number9Mirror,400;400;400,0;0;0,lastStim,d,incorrect:Incorrect,"400",center,.jpg,"1",d k,hide,1.NM_2MN,leftMirror,rightNormal,no,Left,MIRROR,2.LeftMIRROR,"1","9",Larger5,400;407;400,24;24;24,"16.77",580203,k,743,"0"
383,test,Black,Fixation,Black,number7,400;400;400,0;0;0,lastStim,k,incorrect:Incorrect,"400",center,.jpg,"1",d k,hide,1.NM_2MN,leftMirror,rightNormal,no,Right,NORMAL,2.LeftMIRROR,-1,"7",Larger5,400;400;400,24;24;24,"16.67",581815,k,6,"1"
346,test,Black,Fixation,Black,number4,400;400;400,0;0;0,lastStim,k,incorrect:Incorrect,"400",center,.jpg,"1",d k,hide,1.NM_2MN,leftMirror,rightNormal,no,Right,NORMAL,2.LeftMIRROR,-1,"4",Smaller5,400;400;400,24;24;24,"16.67",583184,k,175,"1"
328,test,Black,Fixation,Black,number3,400;400;400,0;0;0,lastStim,k,incorrect:Incorrect,"400",center,.jpg,"1",d k,hide,1.NM_2MN,leftMirror,rightNormal,no,Right,NORMAL,2.LeftMIRROR,-1,"3",Smaller5,400;400;400,24;24;24,"16.67",584380,d,4,"0"
471,test,Black,Fixation,Black,number4Mirror,400;400;400,0;0;0,lastStim,d,incorrect:Incorrect,"400",center,.jpg,"1",d k,hide,1.NM_2MN,leftMirror,rightNormal,no,Left,MIRROR,2.LeftMIRROR,"1","4",Smaller5,400;400;400,24;24;24,"16.67",586050,k,75,"0"
309,test,Black,Fixation,Black,number1,400;400;400,0;0;0,lastStim,k,incorrect:Incorrect,"400",center,.jpg,"1",d k,hide,1.NM_2MN,leftMirror,rightNormal,no,Right,NORMAL,2.LeftMIRROR,-1,"1",Smaller5,400;400;400,24;24;24,"16.67",588155,d,496,"0"
311,test,Black,Fixation,Black,number1Mirror,400;400;400,0;0;0,lastStim,d,incorrect:Incorrect,"400",center,.jpg,"1",d k,hide,1.NM_2MN,leftMirror,rightNormal,no,Left,MIRROR,2.LeftMIRROR,"1","1",Smaller5,400;407;400,24;24;24,"16.77",590044,d,278,"1"
388,test,Black,Fixation,Black,number7,400;400;400,0;0;0,lastStim,k,incorrect:Incorrect,"400",center,.jpg,"1",d k,hide,1.NM_2MN,leftMirror,rightNormal,no,Right,NORMAL,2.LeftMIRROR,-1,"7",Larger5,400;400;400,24;24;24,"16.67",591236,d,2,"0"
357,test,Black,Fixation,Black,number4Mirror,400;400;400,0;0;0,lastStim,d,incorrect:Incorrect,"400",center,.jpg,"1",d k,hide,1.NM_2MN,leftMirror,rightNormal,no,Left,MIRROR,2.LeftMIRROR,"1","4",Smaller5,400;400;400,24;24;24,"16.67",592901,d,70,"1"
468,test,Black,Fixation,Black,number4,400;400;400,0;0;0,lastStim,k,incorrect:Incorrect,"400",center,.jpg,"1",d k,hide,1.NM_2MN,leftMirror,rightNormal,no,Right,NORMAL,2.LeftMIRROR,-1,"4",Smaller5,400;400;400,24;24;24,"16.67",594193,d,94,"0"
494,test,Black,Fixation,Black,number6Mirror,400;400;400,0;0;0,lastStim,d,incorrect:Incorrect,"400",center,.jpg,"1",d k,hide,1.NM_2MN,leftMirror,rightNormal,no,Left,MIRROR,2.LeftMIRROR,"1","6",Larger5,400;400;400,24;24;24,"16.67",595899,d,100,"1"
322,test,Black,Fixation,Black,number3,400;400;400,0;0;0,lastStim,k,incorrect:Incorrect,"400",center,.jpg,"1",d k,hide,1.NM_2MN,leftMirror,rightNormal,no,Right,NORMAL,2.LeftMIRROR,-1,"3",Smaller5,400;400;400,24;24;24,"16.67",597343,d,261,"0"
433,test,Black,Fixation,Black,number1Mirror,400;400;400,0;0;0,lastStim,d,incorrect:Incorrect,"400",center,.jpg,"1",d k,hide,1.NM_2MN,leftMirror,rightNormal,no,Left,MIRROR,2.LeftMIRROR,"1","1",Smaller5,400;400;400,24;24;24,"16.67",599115,d,166,"1"
342,test,Black,Fixation,Black,number4,400;400;400,0;0;0,lastStim,k,incorrect:Incorrect,"400",center,.jpg,"1",d k,hide,1.NM_2MN,leftMirror,rightNormal,no,Right,NORMAL,2.LeftMIRROR,-1,"4",Smaller5,406;400;400,24;24;24,"16.75",600418,d,96,"0"
331,test,Black,Fixation,Black,number3Mirror,400;400;400,0;0;0,lastStim,d,incorrect:Incorrect,"400",center,.jpg,"1",d k,hide,1.NM_2MN,leftMirror,rightNormal,no,Left,MIRROR,2.LeftMIRROR,"1","3",Smaller5,400;400;400,24;24;24,"16.67",602103,d,82,"1"
419,test,Black,Fixation,Black,number9Mirror,400;400;400,0;0;0,lastStim,d,incorrect:Incorrect,"400",center,.jpg,"1",d k,hide,1.NM_2MN,leftMirror,rightNormal,no,Left,MIRROR,2.LeftMIRROR,"1","9",Larger5,400;400;400,24;24;24,"16.67",603499,d,212,"1"
495,test,Black,Fixation,Black,number6Mirror,400;400;400,0;0;0,lastStim,d,incorrect:Incorrect,"400",center,.jpg,"1",d k,hide,1.NM_2MN,leftMirror,rightNormal,no,Left,MIRROR,2.LeftMIRROR,"1","6",Larger5,400;400;400,24;24;24,"16.67",604960,d,272,"1"
401,test,Black,Fixation,Black,number9,400;400;400,0;0;0,lastStim,k,incorrect:Incorrect,"400",center,.jpg,"1",d k,hide,1.NM_2MN,leftMirror,rightNormal,no,Right,NORMAL,2.LeftMIRROR,-1,"9",Larger5,400;400;400,24;24;24,"16.67",606382,d,228,"0"
412,test,Black,Fixation,Black,number9Mirror,400;400;400,0;0;0,lastStim,d,incorrect:Incorrect,"400",center,.jpg,"1",d k,hide,1.NM_2MN,leftMirror,rightNormal,no,Left,MIRROR,2.LeftMIRROR,"1","9",Larger5,400;400;400,24;24;24,"16.67",608072,d,84,"1"
323,test,Black,Fixation,Black,number3,400;400;400,0;0;0,lastStim,k,incorrect:Incorrect,"400",center,.jpg,"1",d k,hide,1.NM_2MN,leftMirror,rightNormal,no,Right,NORMAL,2.LeftMIRROR,-1,"3",Smaller5,400;400;400,24;24;24,"16.67",609314,d,43,"0"
465,test,Black,Fixation,Black,number4,400;400;400,0;0;0,lastStim,k,incorrect:Incorrect,"400",center,.jpg,"1",d k,hide,1.NM_2MN,leftMirror,rightNormal,no,Right,NORMAL,2.LeftMIRROR,-1,"4",Smaller5,400;400;400,24;24;24,"16.67",610919,d,7,"0"
415,test,Black,Fixation,Black,number9Mirror,400;400;400,0;0;0,lastStim,d,incorrect:Incorrect,"400",center,.jpg,"1",d k,hide,1.NM_2MN,leftMirror,rightNormal,no,Left,MIRROR,2.LeftMIRROR,"1","9",Larger5,400;400;400,24;24;24,"16.67",612524,d,12,"1"
501,test,Black,Fixation,Black,number7,400;400;400,0;0;0,lastStim,k,incorrect:Incorrect,"400",center,.jpg,"1",d k,hide,1.NM_2MN,leftMirror,rightNormal,no,Right,NORMAL,2.LeftMIRROR,-1,"7",Larger5,400;400;400,24;24;24,"16.67",613716,d,3,"0"
385,test,Black,Fixation,Black,number7,400;400;400,0;0;0,lastStim,k,incorrect:Incorrect,"400",center,.jpg,"1",d k,hide,1.NM_2MN,leftMirror,rightNormal,no,Right,NORMAL,2.LeftMIRROR,-1,"7",Larger5,400;400;400,24;24;24,"16.67",615461,d,149,"0"
313,test,Black,Fixation,Black,number1Mirror,400;400;400,0;0;0,lastStim,d,incorrect:Incorrect,"400",center,.jpg,"1",d k,hide,1.NM_2MN,leftMirror,rightNormal,no,Left,MIRROR,2.LeftMIRROR,"1","1",Smaller5,400;400;400,24;24;24,"16.67",617127,d,65,"1"
380,test,Black,Fixation,Black,number7,400;400;400,0;0;0,lastStim,k,incorrect:Incorrect,"400",center,.jpg,"1",d k,hide,1.NM_2MN,leftMirror,rightNormal,no,Right,NORMAL,2.LeftMIRROR,-1,"7",Larger5,400;400;400,24;24;24,"16.67",618617,d,305,"0"
400,test,Black,Fixation,Black,number9,400;400;400,0;0;0,lastStim,k,incorrect:Incorrect,"400",center,.jpg,"1",d k,hide,1.NM_2MN,leftMirror,rightNormal,no,Right,NORMAL,2.LeftMIRROR,-1,"9",Larger5,400;400;404,24;24;24,"16.73",620245,d,30,"0"
533,test,Black,Fixation,Black,number9Mirror,400;400;400,0;0;0,lastStim,d,incorrect:Incorrect,"400",center,.jpg,"1",d k,hide,1.NM_2MN,leftMirror,rightNormal,no,Left,MIRROR,2.LeftMIRROR,"1","9",Larger5,400;400;400,24;24;24,"16.67",622006,d,157,"1"
444,test,Black,Fixation,Black,number3,400;400;400,0;0;0,lastStim,k,incorrect:Incorrect,"400",center,.jpg,"1",d k,hide,1.NM_2MN,leftMirror,rightNormal,no,Right,NORMAL,2.LeftMIRROR,-1,"3",Smaller5,400;400;400,24;24;24,"16.67",623392,d,193,"0"
413,test,Black,Fixation,Black,number9Mirror,400;400;400,0;0;0,lastStim,d,incorrect:Incorrect,"400",center,.jpg,"1",d k,hide,1.NM_2MN,leftMirror,rightNormal,no,Left,MIRROR,2.LeftMIRROR,"1","9",Larger5,400;400;400,24;24;24,"16.67",625170,d,172,"1"
339,test,Black,Fixation,Black,number3Mirror,400;400;400,0;0;0,lastStim,d,incorrect:Incorrect,"400",center,.jpg,"1",d k,hide,1.NM_2MN,leftMirror,rightNormal,no,Left,MIRROR,2.LeftMIRROR,"1","3",Smaller5,400;400;400,24;24;24,"16.67",626631,d,266,"1"
521,test,Black,Fixation,Black,number9,400;400;400,0;0;0,lastStim,k,incorrect:Incorrect,"400",center,.jpg,"1",d k,hide,1.NM_2MN,leftMirror,rightNormal,no,Right,NORMAL,2.LeftMIRROR,-1,"9",Larger5,400;400;400,24;24;24,"16.67",628343,d,512,"0"
397,test,Black,Fixation,Black,number7Mirror,400;400;400,0;0;0,lastStim,d,incorrect:Incorrect,"400",center,.jpg,"1",d k,hide,1.NM_2MN,leftMirror,rightNormal,no,Left,MIRROR,2.LeftMIRROR,"1","7",Larger5,400;400;400,24;24;24,"16.67",630089,d,141,"1"
497,test,Black,Fixation,Black,number6Mirror,400;400;400,0;0;0,lastStim,d,incorrect:Incorrect,"400",center,.jpg,"1",d k,hide,1.NM_2MN,leftMirror,rightNormal,no,Left,MIRROR,2.LeftMIRROR,"1","6",Larger5,400;400;400,24;24;24,"16.67",631318,d,32,"1"
527,test,Black,Fixation,Black,number9,400;400;400,0;0;0,lastStim,k,incorrect:Incorrect,"400",center,.jpg,"1",d k,hide,1.NM_2MN,leftMirror,rightNormal,no,Right,NORMAL,2.LeftMIRROR,-1,"9",Larger5,400;400;400,24;24;24,"16.67",632644,d,142,"0"
375,test,Black,Fixation,Black,number6Mirror,400;400;400,0;0;0,lastStim,d,incorrect:Incorrect,"400",center,.jpg,"1",d k,hide,1.NM_2MN,leftMirror,rightNormal,no,Left,MIRROR,2.LeftMIRROR,"1","6",Larger5,400;400;400,24;24;24,"16.67",634534,d,282,"1"
449,test,Black,Fixation,Black,number3,400;400;400,0;0;0,lastStim,k,incorrect:Incorrect,"400",center,.jpg,"1",d k,hide,1.NM_2MN,leftMirror,rightNormal,no,Right,NORMAL,2.LeftMIRROR,-1,"3",Smaller5,400;400;400,24;24;24,"16.67",635918,d,199,"0"
320,test,Black,Fixation,Black,number3,400;400;400,0;0;0,lastStim,k,incorrect:Incorrect,"400",center,.jpg,"1",d k,hide,1.NM_2MN,leftMirror,rightNormal,no,Right,NORMAL,2.LeftMIRROR,-1,"3",Smaller5,400;400;400,24;24;24,"16.67",637874,d,355,"0"
477,test,Black,Fixation,Black,number4Mirror,400;400;400,0;0;0,lastStim,d,incorrect:Incorrect,"400",center,.jpg,"1",d k,hide,1.NM_2MN,leftMirror,rightNormal,no,Left,MIRROR,2.LeftMIRROR,"1","4",Smaller5,400;400;400,24;24;24,"16.67",639633,d,165,"1"
454,test,Black,Fixation,Black,number3Mirror,400;400;400,0;0;0,lastStim,d,incorrect:Incorrect,"400",center,.jpg,"1",d k,hide,1.NM_2MN,leftMirror,rightNormal,no,Left,MIRROR,2.LeftMIRROR,"1","3",Smaller5,400;404;400,24;24;24,"16.73",640929,d,106,"1"
335,test,Black,Fixation,Black,number3Mirror,400;400;400,0;0;0,lastStim,d,incorrect:Incorrect,"400",center,.jpg,"1",d k,hide,1.NM_2MN,leftMirror,rightNormal,no,Left,MIRROR,2.LeftMIRROR,"1","3",Smaller5,400;400;400,24;24;24,"16.67",642287,d,163,"1"
394,test,Black,Fixation,Black,number7Mirror,400;400;400,0;0;0,lastStim,d,incorrect:Incorrect,"400",center,.jpg,"1",d k,hide,1.NM_2MN,leftMirror,rightNormal,no,Left,MIRROR,2.LeftMIRROR,"1","7",Larger5,400;400;400,24;24;24,"16.67",643677,d,204,"1"
366,test,Black,Fixation,Black,number6,400;400;400,0;0;0,lastStim,k,incorrect:Incorrect,"400",center,.jpg,"1",d k,hide,1.NM_2MN,leftMirror,rightNormal,no,Right,NORMAL,2.LeftMIRROR,-1,"6",Larger5,400;400;400,24;24;24,"16.67",645109,d,236,"0"
315,test,Black,Fixation,Black,number1Mirror,400;400;400,0;0;0,lastStim,d,incorrect:Incorrect,"400",center,.jpg,"1",d k,hide,1.NM_2MN,leftMirror,rightNormal,no,Left,MIRROR,2.LeftMIRROR,"1","1",Smaller5,400;400;400,24;24;24,"16.67",646918,d,211,"1"
389,test,Black,Fixation,Black,number7,400;400;400,0;0;0,lastStim,k,incorrect:Incorrect,"400",center,.jpg,"1",d k,hide,1.NM_2MN,leftMirror,rightNormal,no,Right,NORMAL,2.LeftMIRROR,-1,"7",Larger5,400;400;400,24;24;24,"16.67",648476,d,369,"0"
376,test,Black,Fixation,Black,number6Mirror,400;400;400,0;0;0,lastStim,d,incorrect:Incorrect,"400",center,.jpg,"1",d k,hide,1.NM_2MN,leftMirror,rightNormal,no,Left,MIRROR,2.LeftMIRROR,"1","6",Larger5,400;400;400,24;24;24,"16.67",650115,d,42,"1"
347,test,Black,Fixation,Black,number4,400;400;400,0;0;0,lastStim,k,incorrect:Incorrect,"400",center,.jpg,"1",d k,hide,1.NM_2MN,leftMirror,rightNormal,no,Right,NORMAL,2.LeftMIRROR,-1,"4",Smaller5,400;400;400,24;24;24,"16.67",651473,d,162,"0"
425,test,Black,Fixation,Black,number1,400;400;400,0;0;0,lastStim,k,incorrect:Incorrect,"400",center,.jpg,"1",d k,hide,1.NM_2MN,leftMirror,rightNormal,no,Right,NORMAL,2.LeftMIRROR,-1,"1",Smaller5,400;400;400,24;24;24,"16.67",653287,d,209,"0"
417,test,Black,Fixation,Black,number9Mirror,400;400;400,0;0;0,lastStim,d,incorrect:Incorrect,"400",center,.jpg,"1",d k,hide,1.NM_2MN,leftMirror,rightNormal,no,Left,MIRROR,2.LeftMIRROR,"1","9",Larger5,400;400;400,24;24;24,"16.67",655126,d,249,"1"
363,test,Black,Fixation,Black,number6,400;400;400,0;0;0,lastStim,k,incorrect:Incorrect,"400",center,.jpg,"1",d k,hide,1.NM_2MN,leftMirror,rightNormal,no,Right,NORMAL,2.LeftMIRROR,-1,"6",Larger5,400;400;400,24;24;24,"16.67",656397,d,86,"0"
303,test,Black,Fixation,Black,number1,400;400;400,0;0;0,lastStim,k,incorrect:Incorrect,"400",center,.jpg,"1",d k,hide,1.NM_2MN,leftMirror,rightNormal,no,Right,NORMAL,2.LeftMIRROR,-1,"1",Smaller5,400;400;400,24;24;24,"16.67",658157,d,162,"0"
466,test,Black,Fixation,Black,number4,400;400;400,0;0;0,lastStim,k,incorrect:Incorrect,"400",center,.jpg,"1",d k,hide,1.NM_2MN,leftMirror,rightNormal,no,Right,NORMAL,2.LeftMIRROR,-1,"4",Smaller5,400;400;400,24;24;24,"16.67",660277,d,516,"0"
316,test,Black,Fixation,Black,number1Mirror,400;400;400,0;0;0,lastStim,d,incorrect:Incorrect,"400",center,.jpg,"1",d k,hide,1.NM_2MN,leftMirror,rightNormal,no,Left,MIRROR,2.LeftMIRROR,"1","1",Smaller5,400;400;400,24;24;24,"16.67",661984,d,100,"1"
410,test,Black,Fixation,Black,number9Mirror,400;400;400,0;0;0,lastStim,d,incorrect:Incorrect,"400",center,.jpg,"1",d k,hide,1.NM_2MN,leftMirror,rightNormal,no,Left,MIRROR,2.LeftMIRROR,"1","9",Larger5,400;400;400,24;24;24,"16.67",663205,d,21,"1"
355,test,Black,Fixation,Black,number4Mirror,400;400;400,0;0;0,lastStim,d,incorrect:Incorrect,"400",center,.jpg,"1",d k,hide,1.NM_2MN,leftMirror,rightNormal,no,Left,MIRROR,2.LeftMIRROR,"1","4",Smaller5,400;400;400,24;24;24,"16.67",664573,d,172,"1"
459,test,Black,Fixation,Black,number3Mirror,400;400;400,0;0;0,lastStim,d,incorrect:Incorrect,"400",center,.jpg,"1",d k,hide,1.NM_2MN,leftMirror,rightNormal,no,Left,MIRROR,2.LeftMIRROR,"1","3",Smaller5,400;400;400,24;24;24,"16.67",666045,d,278,"1"
423,test,Black,Fixation,Black,number1,400;400;400,0;0;0,lastStim,k,incorrect:Incorrect,"400",center,.jpg,"1",d k,hide,1.NM_2MN,leftMirror,rightNormal,no,Right,NORMAL,2.LeftMIRROR,-1,"1",Smaller5,400;400;400,24;24;24,"16.67",667463,d,231,"0"
474,test,Black,Fixation,Black,number4Mirror,400;400;400,0;0;0,lastStim,d,incorrect:Incorrect,"400",center,.jpg,"1",d k,hide,1.NM_2MN,leftMirror,rightNormal,no,Left,MIRROR,2.LeftMIRROR,"1","4",Smaller5,400;400;400,24;24;24,"16.67",669258,d,191,"1"
349,test,Black,Fixation,Black,number4,400;400;400,0;0;0,lastStim,k,incorrect:Incorrect,"400",center,.jpg,"1",d k,hide,1.NM_2MN,leftMirror,rightNormal,no,Right,NORMAL,2.LeftMIRROR,-1,"4",Smaller5,400;400;400,24;24;24,"16.67",670763,d,313,"0"
427,test,Black,Fixation,Black,number1,400;400;400,0;0;0,lastStim,k,incorrect:Incorrect,"400",center,.jpg,"1",d k,hide,1.NM_2MN,leftMirror,rightNormal,no,Right,NORMAL,2.LeftMIRROR,-1,"1",Smaller5,400;400;400,24;24;24,"16.67",672600,d,243,"0"
440,test,Black,Fixation,Black,number3,400;400;400,0;0;0,lastStim,k,incorrect:Incorrect,"400",center,.jpg,"1",d k,hide,1.NM_2MN,leftMirror,rightNormal,no,Right,NORMAL,2.LeftMIRROR,-1,"3",Smaller5,400;400;400,24;24;24,"16.67",674299,d,92,"0"
361,test,Black,Fixation,Black,number6,400;400;400,0;0;0,lastStim,k,incorrect:Incorrect,"400",center,.jpg,"1",d k,hide,1.NM_2MN,leftMirror,rightNormal,no,Right,NORMAL,2.LeftMIRROR,-1,"6",Larger5,400;400;400,24;24;24,"16.67",676040,d,133,"0"
340,test,Black,Fixation,Black,number4,400;400;400,0;0;0,lastStim,k,incorrect:Incorrect,"400",center,.jpg,"1",d k,hide,1.NM_2MN,leftMirror,rightNormal,no,Right,NORMAL,2.LeftMIRROR,-1,"4",Smaller5,400;400;400,24;24;24,"16.67",677742,d,101,"0"
352,test,Black,Fixation,Black,number4Mirror,400;400;400,0;0;0,lastStim,d,incorrect:Incorrect,"400",center,.jpg,"1",d k,hide,1.NM_2MN,leftMirror,rightNormal,no,Left,MIRROR,2.LeftMIRROR,"1","4",Smaller5,400;400;400,24;24;24,"16.67",680101,d,760,"1"
432,test,Black,Fixation,Black,number1Mirror,400;400;400,0;0;0,lastStim,d,incorrect:Incorrect,"400",center,.jpg,"1",d k,hide,1.NM_2MN,leftMirror,rightNormal,no,Left,MIRROR,2.LeftMIRROR,"1","1",Smaller5,400;404;400,24;24;24,"16.73",681358,d,64,"1"
472,test,Black,Fixation,Black,number4Mirror,400;400;400,0;0;0,lastStim,d,incorrect:Incorrect,"400",center,.jpg,"1",d k,hide,1.NM_2MN,leftMirror,rightNormal,no,Left,MIRROR,2.LeftMIRROR,"1","4",Smaller5,400;400;400,24;24;24,"16.67",682702,d,159,"1"
403,test,Black,Fixation,Black,number9,400;400;400,0;0;0,lastStim,k,incorrect:Incorrect,"400",center,.jpg,"1",d k,hide,1.NM_2MN,leftMirror,rightNormal,no,Right,NORMAL,2.LeftMIRROR,-1,"9",Larger5,400;400;400,24;24;24,"16.67",684119,d,225,"0"
470,test,Black,Fixation,Black,number4Mirror,400;400;400,0;0;0,lastStim,d,incorrect:Incorrect,"400",center,.jpg,"1",d k,hide,1.NM_2MN,leftMirror,rightNormal,no,Left,MIRROR,2.LeftMIRROR,"1","4",Smaller5,400;400;400,24;24;24,"16.67",685919,d,192,"1"
430,test,Black,Fixation,Black,number1Mirror,400;400;400,0;0;0,lastStim,d,incorrect:Incorrect,"400",center,.jpg,"1",d k,hide,1.NM_2MN,leftMirror,rightNormal,no,Left,MIRROR,2.LeftMIRROR,"1","1",Smaller5,400;400;400,24;24;24,"16.67",687192,d,82,"1"
435,test,Black,Fixation,Black,number1Mirror,400;400;400,0;0;0,lastStim,d,incorrect:Incorrect,"400",center,.jpg,"1",d k,hide,1.NM_2MN,leftMirror,rightNormal,no,Left,MIRROR,2.LeftMIRROR,"1","1",Smaller5,400;400;400,24;24;24,"16.67",688600,d,223,"1"
532,test,Black,Fixation,Black,number9Mirror,400;400;400,0;0;0,lastStim,d,incorrect:Incorrect,"400",center,.jpg,"1",d k,hide,1.NM_2MN,leftMirror,rightNormal,no,Left,MIRROR,2.LeftMIRROR,"1","9",Larger5,400;400;400,24;24;24,"16.67",689992,d,199,"1"
326,test,Black,Fixation,Black,number3,400;400;400,0;0;0,lastStim,k,incorrect:Incorrect,"400",center,.jpg,"1",d k,hide,1.NM_2MN,leftMirror,rightNormal,no,Right,NORMAL,2.LeftMIRROR,-1,"3",Smaller5,400;400;408,24;24;24,"16.78",691269,d,83,"0"
441,test,Black,Fixation,Black,number3,400;400;400,0;0;0,lastStim,k,incorrect:Incorrect,"400",center,.jpg,"1",d k,hide,1.NM_2MN,leftMirror,rightNormal,no,Right,NORMAL,2.LeftMIRROR,-1,"3",Smaller5,400;400;400,24;24;24,"16.67",692949,d,80,"0"
452,test,Black,Fixation,Black,number3Mirror,400;400;400,0;0;0,lastStim,d,incorrect:Incorrect,"400",center,.jpg,"1",d k,hide,1.NM_2MN,leftMirror,rightNormal,no,Left,MIRROR,2.LeftMIRROR,"1","3",Smaller5,400;400;400,24;24;24,"16.67",694790,d,238,"1"
392,test,Black,Fixation,Black,number7Mirror,400;400;400,0;0;0,lastStim,d,incorrect:Incorrect,"400",center,.jpg,"1",d k,hide,1.NM_2MN,leftMirror,rightNormal,no,Left,MIRROR,2.LeftMIRROR,"1","7",Larger5,400;400;400,24;24;24,"16.67",696747,d,762,"1"
367,test,Black,Fixation,Black,number6,400;400;400,0;0;0,lastStim,k,incorrect:Incorrect,"400",center,.jpg,"1",d k,hide,1.NM_2MN,leftMirror,rightNormal,no,Right,NORMAL,2.LeftMIRROR,-1,"6",Larger5,400;400;400,24;24;24,"16.67",698090,d,154,"0"
489,test,Black,Fixation,Black,number6,400;400;400,0;0;0,lastStim,k,incorrect:Incorrect,"400",center,.jpg,"1",d k,hide,1.NM_2MN,leftMirror,rightNormal,no,Right,NORMAL,2.LeftMIRROR,-1,"6",Larger5,400;400;400,24;24;24,"16.67",699697,d,13,"0"
304,test,Black,Fixation,Black,number1,400;400;400,0;0;0,lastStim,k,incorrect:Incorrect,"400",center,.jpg,"1",d k,hide,1.NM_2MN,leftMirror,rightNormal,no,Right,NORMAL,2.LeftMIRROR,-1,"1",Smaller5,400;400;408,24;24;24,"16.78",701390,d,81,"0"
513,test,Black,Fixation,Black,number7Mirror,400;400;400,0;0;0,lastStim,d,incorrect:Incorrect,"400",center,.jpg,"1",d k,hide,1.NM_2MN,leftMirror,rightNormal,no,Left,MIRROR,2.LeftMIRROR,"1","7",Larger5,400;400;400,24;24;24,"16.67",703079,d,87,"1"
458,test,Black,Fixation,Black,number3Mirror,400;400;400,0;0;0,lastStim,d,incorrect:Incorrect,"400",center,.jpg,"1",d k,hide,1.NM_2MN,leftMirror,rightNormal,no,Left,MIRROR,2.LeftMIRROR,"1","3",Smaller5,400;400;400,24;24;24,"16.67",704364,d,88,"1"
301,test,Black,Fixation,Black,number1,400;400;400,0;0;0,lastStim,k,incorrect:Incorrect,"400",center,.jpg,"1",d k,hide,1.NM_2MN,leftMirror,rightNormal,no,Right,NORMAL,2.LeftMIRROR,-1,"1",Smaller5,400;400;400,24;24;24,"16.67",705827,d,268,"0"
325,test,Black,Fixation,Black,number3,400;400;400,0;0;0,lastStim,k,incorrect:Incorrect,"400",center,.jpg,"1",d k,hide,1.NM_2MN,leftMirror,rightNormal,no,Right,NORMAL,2.LeftMIRROR,-1,"3",Smaller5,400;400;400,24;24;24,"16.67",707582,d,157,"0"
402,test,Black,Fixation,Black,number9,400;400;400,0;0;0,lastStim,k,incorrect:Incorrect,"400",center,.jpg,"1",d k,hide,1.NM_2MN,leftMirror,rightNormal,no,Right,NORMAL,2.LeftMIRROR,-1,"9",Larger5,400;400;400,24;24;24,"16.67",709292,d,116,"0"
523,test,Black,Fixation,Black,number9,400;400;400,0;0;0,lastStim,k,incorrect:Incorrect,"400",center,.jpg,"1",d k,hide,1.NM_2MN,leftMirror,rightNormal,no,Right,NORMAL,2.LeftMIRROR,-1,"9",Larger5,400;400;400,24;24;24,"16.67",715954,d,5061,"0"
426,test,Black,Fixation,Black,number1,400;400;400,0;0;0,lastStim,k,incorrect:Incorrect,"400",center,.jpg,"1",d k,hide,1.NM_2MN,leftMirror,rightNormal,no,Right,NORMAL,2.LeftMIRROR,-1,"1",Smaller5,400;400;400,24;24;24,"16.67",717581,d,32,"0"
488,test,Black,Fixation,Black,number6,400;400;400,0;0;0,lastStim,k,incorrect:Incorrect,"400",center,.jpg,"1",d k,hide,1.NM_2MN,leftMirror,rightNormal,no,Right,NORMAL,2.LeftMIRROR,-1,"6",Larger5,400;400;400,24;24;24,"16.67",719264,d,81,"0"
307,test,Black,Fixation,Black,number1,400;400;400,0;0;0,lastStim,k,incorrect:Incorrect,"400",center,.jpg,"1",d k,hide,1.NM_2MN,leftMirror,rightNormal,no,Right,NORMAL,2.LeftMIRROR,-1,"1",Smaller5,400;400;400,24;24;24,"16.67",721139,d,274,"0"
424,test,Black,Fixation,Black,number1,400;400;400,0;0;0,lastStim,k,incorrect:Incorrect,"400",center,.jpg,"1",d k,hide,1.NM_2MN,leftMirror,rightNormal,no,Right,NORMAL,2.LeftMIRROR,-1,"1",Smaller5,393;400;400,24;24;24,"16.57",722828,d,102,"0"
481,test,Black,Fixation,Black,number6,400;400;400,0;0;0,lastStim,k,incorrect:Incorrect,"400",center,.jpg,"1",d k,hide,1.NM_2MN,leftMirror,rightNormal,no,Right,NORMAL,2.LeftMIRROR,-1,"6",Larger5,400;400;400,24;24;24,"16.67",725694,d,1268,"0"
473,test,Black,Fixation,Black,number4Mirror,400;400;400,0;0;0,lastStim,d,incorrect:Incorrect,"400",center,.jpg,"1",d k,hide,1.NM_2MN,leftMirror,rightNormal,no,Left,MIRROR,2.LeftMIRROR,"1","4",Smaller5,400;400;400,24;24;24,"16.67",727658,d,366,"1"
503,test,Black,Fixation,Black,number7,400;400;400,0;0;0,lastStim,k,incorrect:Incorrect,"400",center,.jpg,"1",d k,hide,1.NM_2MN,leftMirror,rightNormal,no,Right,NORMAL,2.LeftMIRROR,-1,"7",Larger5,400;400;400,24;24;24,"16.67",729089,d,247,"0"
448,test,Black,Fixation,Black,number3,400;400;400,0;0;0,lastStim,k,incorrect:Incorrect,"400",center,.jpg,"1",d k,hide,1.NM_2MN,leftMirror,rightNormal,no,Right,NORMAL,2.LeftMIRROR,-1,"3",Smaller5,400;400;400,24;24;24,"16.67",731840,d,1148,"0"
318,test,Black,Fixation,Black,number1Mirror,400;400;400,0;0;0,lastStim,d,incorrect:Incorrect,"400",center,.jpg,"1",d k,hide,1.NM_2MN,leftMirror,rightNormal,no,Left,MIRROR,2.LeftMIRROR,"1","1",Smaller5,407;400;400,24;24;24,"16.77",733682,d,234,"1"
491,test,Black,Fixation,Black,number6Mirror,400;400;400,0;0;0,lastStim,d,incorrect:Incorrect,"400",center,.jpg,"1",d k,hide,1.NM_2MN,leftMirror,rightNormal,no,Left,MIRROR,2.LeftMIRROR,"1","6",Larger5,400;400;400,24;24;24,"16.67",734883,d,1,"1"
515,test,Black,Fixation,Black,number7Mirror,400;400;400,0;0;0,lastStim,d,incorrect:Incorrect,"400",center,.jpg,"1",d k,hide,1.NM_2MN,leftMirror,rightNormal,no,Left,MIRROR,2.LeftMIRROR,"1","7",Larger5,400;400;400,24;24;24,"16.67",736216,d,134,"1"
505,test,Black,Fixation,Black,number7,400;400;400,0;0;0,lastStim,k,incorrect:Incorrect,"400",center,.jpg,"1",d k,hide,1.NM_2MN,leftMirror,rightNormal,no,Right,NORMAL,2.LeftMIRROR,-1,"7",Larger5,400;400;400,24;24;24,"16.67",737586,d,170,"0"
396,test,Black,Fixation,Black,number7Mirror,400;400;400,0;0;0,lastStim,d,incorrect:Incorrect,"400",center,.jpg,"1",d k,hide,1.NM_2MN,leftMirror,rightNormal,no,Left,MIRROR,2.LeftMIRROR,"1","7",Larger5,400;400;400,24;24;24,"16.67",740305,d,1122,"1"
482,test,Black,Fixation,Black,number6,400;400;400,0;0;0,lastStim,k,incorrect:Incorrect,"400",center,.jpg,"1",d k,hide,1.NM_2MN,leftMirror,rightNormal,no,Right,NORMAL,2.LeftMIRROR,-1,"6",Larger5,400;400;400,24;24;24,"16.67",742619,d,1121,"0"
344,test,Black,Fixation,Black,number4,400;400;400,0;0;0,lastStim,k,incorrect:Incorrect,"400",center,.jpg,"1",d k,hide,1.NM_2MN,leftMirror,rightNormal,no,Right,NORMAL,2.LeftMIRROR,-1,"4",Smaller5,407;400;400,24;24;24,"16.77",756603,d,12381,"0"
302,test,Black,Fixation,Black,number1,400;400;400,0;0;0,lastStim,k,incorrect:Incorrect,"400",center,.jpg,"1",d k,hide,1.NM_2MN,leftMirror,rightNormal,no,Right,NORMAL,2.LeftMIRROR,-1,"1",Smaller5,407;400;400,24;24;24,"16.76",758907,d,695,"0"
334,test,Black,Fixation,Black,number3Mirror,400;400;400,0;0;0,lastStim,d,incorrect:Incorrect,"400",center,.jpg,"1",d k,hide,1.NM_2MN,leftMirror,rightNormal,no,Left,MIRROR,2.LeftMIRROR,"1","3",Smaller5,400;400;400,24;24;24,"16.67",760641,d,130,"1"
463,test,Black,Fixation,Black,number4,400;400;400,0;0;0,lastStim,k,incorrect:Incorrect,"400",center,.jpg,"1",d k,hide,1.NM_2MN,leftMirror,rightNormal,no,Right,NORMAL,2.LeftMIRROR,-1,"4",Smaller5,400;400;400,24;24;24,"16.67",762608,d,780,"0"
407,test,Black,Fixation,Black,number9,400;400;400,0;0;0,lastStim,k,incorrect:Incorrect,"400",center,.jpg,"1",d k,hide,1.NM_2MN,leftMirror,rightNormal,no,Right,NORMAL,2.LeftMIRROR,-1,"9",Larger5,400;400;400,24;24;24,"16.67",764530,d,319,"0"
391,test,Black,Fixation,Black,number7Mirror,400;400;400,0;0;0,lastStim,d,incorrect:Incorrect,"400",center,.jpg,"1",d k,hide,1.NM_2MN,leftMirror,rightNormal,no,Left,MIRROR,2.LeftMIRROR,"1","7",Larger5,400;400;400,24;24;24,"16.67",766164,d,37,"1"
348,test,Black,Fixation,Black,number4,400;400;400,0;0;0,lastStim,k,incorrect:Incorrect,"400",center,.jpg,"1",d k,hide,1.NM_2MN,leftMirror,rightNormal,no,Right,NORMAL,2.LeftMIRROR,-1,"4",Smaller5,400;400;400,24;24;24,"16.67",767755,d,394,"0"
522,test,Black,Fixation,Black,number9,400;400;400,0;0;0,lastStim,k,incorrect:Incorrect,"400",center,.jpg,"1",d k,hide,1.NM_2MN,leftMirror,rightNormal,no,Right,NORMAL,2.LeftMIRROR,-1,"9",Larger5,400;400;400,24;24;24,"16.67",771475,d,2126,"0"
531,test,Black,Fixation,Black,number9Mirror,400;400;400,0;0;0,lastStim,d,incorrect:Incorrect,"400",center,.jpg,"1",d k,hide,1.NM_2MN,leftMirror,rightNormal,no,Left,MIRROR,2.LeftMIRROR,"1","9",Larger5,400;400;400,24;24;24,"16.67",773720,d,638,"1"
517,test,Black,Fixation,Black,number7Mirror,400;400;400,0;0;0,lastStim,d,incorrect:Incorrect,"400",center,.jpg,"1",d k,hide,1.NM_2MN,leftMirror,rightNormal,no,Left,MIRROR,2.LeftMIRROR,"1","7",Larger5,400;400;400,24;24;24,"16.67",775024,d,108,"1"
421,test,Black,Fixation,Black,number1,400;400;400,0;0;0,lastStim,k,incorrect:Incorrect,"400",center,.jpg,"1",d k,hide,1.NM_2MN,leftMirror,rightNormal,no,Right,NORMAL,2.LeftMIRROR,-1,"1",Smaller5,400;400;400,24;24;24,"16.67",776629,d,414,"0"
439,test,Black,Fixation,Black,number1Mirror,400;400;400,0;0;0,lastStim,d,incorrect:Incorrect,"400",center,.jpg,"1",d k,hide,1.NM_2MN,leftMirror,rightNormal,no,Left,MIRROR,2.LeftMIRROR,"1","1",Smaller5,400;393;400,24;24;24,"16.57",778299,d,73,"1"
464,test,Black,Fixation,Black,number4,400;400;400,0;0;0,lastStim,k,incorrect:Incorrect,"400",center,.jpg,"1",d k,hide,1.NM_2MN,leftMirror,rightNormal,no,Right,NORMAL,2.LeftMIRROR,-1,"4",Smaller5,400;400;400,24;24;24,"16.67",779601,d,110,"0"
353,test,Black,Fixation,Black,number4Mirror,400;400;400,0;0;0,lastStim,d,incorrect:Incorrect,"400",center,.jpg,"1",d k,hide,1.NM_2MN,leftMirror,rightNormal,no,Left,MIRROR,2.LeftMIRROR,"1","4",Smaller5,400;400;400,24;24;24,"16.67",781499,d,291,"1"
341,test,Black,Fixation,Black,number4,400;400;400,0;0;0,lastStim,k,incorrect:Incorrect,"400",center,.jpg,"1",d k,hide,1.NM_2MN,leftMirror,rightNormal,no,Right,NORMAL,2.LeftMIRROR,-1,"4",Smaller5,400;400;400,24;24;24,"16.67",783086,d,394,"0"
486,test,Black,Fixation,Black,number6,400;400;400,0;0;0,lastStim,k,incorrect:Incorrect,"400",center,.jpg,"1",d k,hide,1.NM_2MN,leftMirror,rightNormal,no,Right,NORMAL,2.LeftMIRROR,-1,"6",Larger5,400;400;400,24;24;24,"16.67",784693,d,1,"0"
414,test,Black,Fixation,Black,number9Mirror,400;400;400,0;0;0,lastStim,d,incorrect:Incorrect,"400",center,.jpg,"1",d k,hide,1.NM_2MN,leftMirror,rightNormal,no,Left,MIRROR,2.LeftMIRROR,"1","9",Larger5,400;400;400,24;24;24,"16.67",786409,d,118,"1"
306,test,Black,Fixation,Black,number1,400;400;400,0;0;0,lastStim,k,incorrect:Incorrect,"400",center,.jpg,"1",d k,hide,1.NM_2MN,leftMirror,rightNormal,no,Right,NORMAL,2.LeftMIRROR,-1,"1",Smaller5,400;400;400,24;24;24,"16.67",787849,d,242,"0"
469,test,Black,Fixation,Black,number4,400;400;400,0;0;0,lastStim,k,incorrect:Incorrect,"400",center,.jpg,"1",d k,hide,1.NM_2MN,leftMirror,rightNormal,no,Right,NORMAL,2.LeftMIRROR,-1,"4",Smaller5,400;400;400,24;24;24,"16.67",790006,d,562,"0"
371,test,Black,Fixation,Black,number6Mirror,400;400;400,0;0;0,lastStim,d,incorrect:Incorrect,"400",center,.jpg,"1",d k,hide,1.NM_2MN,leftMirror,rightNormal,no,Left,MIRROR,2.LeftMIRROR,"1","6",Larger5,400;400;400,24;24;24,"16.67",791780,d,168,"1"
507,test,Black,Fixation,Black,number7,400;400;400,0;0;0,lastStim,k,incorrect:Incorrect,"400",center,.jpg,"1",d k,hide,1.NM_2MN,leftMirror,rightNormal,no,Right,NORMAL,2.LeftMIRROR,-1,"7",Larger5,400;400;400,24;24;24,"16.67",793005,d,27,"0"
518,test,Black,Fixation,Black,number7Mirror,400;400;400,0;0;0,lastStim,d,incorrect:Incorrect,"400",center,.jpg,"1",d k,hide,1.NM_2MN,leftMirror,rightNormal,no,Left,MIRROR,2.LeftMIRROR,"1","7",Larger5,400;400;400,24;24;24,"16.67",794771,d,160,"1"
381,test,Black,Fixation,Black,number7,400;400;400,0;0;0,lastStim,k,incorrect:Incorrect,"400",center,.jpg,"1",d k,hide,1.NM_2MN,leftMirror,rightNormal,no,Right,NORMAL,2.LeftMIRROR,-1,"7",Larger5,400;400;400,24;24;24,"16.67",796233,d,273,"0"
321,test,Black,Fixation,Black,number3,400;400;400,0;0;0,lastStim,k,incorrect:Incorrect,"400",center,.jpg,"1",d k,hide,1.NM_2MN,leftMirror,rightNormal,no,Right,NORMAL,2.LeftMIRROR,-1,"3",Smaller5,400;400;400,24;24;24,"16.67",797930,d,103,"0"
460,test,Black,Fixation,Black,number4,400;400;400,0;0;0,lastStim,k,incorrect:Incorrect,"400",center,.jpg,"1",d k,hide,1.NM_2MN,leftMirror,rightNormal,no,Right,NORMAL,2.LeftMIRROR,-1,"4",Smaller5,400;400;400,24;24;24,"16.67",799849,d,316,"0"
364,test,Black,Fixation,Black,number6,400;400;400,0;0;0,lastStim,k,incorrect:Incorrect,"400",center,.jpg,"1",d k,hide,1.NM_2MN,leftMirror,rightNormal,no,Right,NORMAL,2.LeftMIRROR,-1,"6",Larger5,400;400;400,24;24;24,"16.67",805249,d,3800,"0"
393,test,Black,Fixation,Black,number7Mirror,400;400;400,0;0;0,lastStim,d,incorrect:Incorrect,"400",center,.jpg,"1",d k,hide,1.NM_2MN,leftMirror,rightNormal,no,Left,MIRROR,2.LeftMIRROR,"1","7",Larger5,400;400;400,24;24;24,"16.67",806875,d,26,"1"
461,test,Black,Fixation,Black,number4,400;400;400,0;0;0,lastStim,k,incorrect:Incorrect,"400",center,.jpg,"1",d k,hide,1.NM_2MN,leftMirror,rightNormal,no,Right,NORMAL,2.LeftMIRROR,-1,"4",Smaller5,400;400;400,24;24;24,"16.67",808124,d,59,"0"
330,test,Black,Fixation,Black,number3Mirror,400;400;400,0;0;0,lastStim,d,incorrect:Incorrect,"400",center,.jpg,"1",d k,hide,1.NM_2MN,leftMirror,rightNormal,no,Left,MIRROR,2.LeftMIRROR,"1","3",Smaller5,400;400;400,24;24;24,"16.67",809832,d,114,"1"
510,test,Black,Fixation,Black,number7Mirror,400;400;400,0;0;0,lastStim,d,incorrect:Incorrect,"400",center,.jpg,"1",d k,hide,1.NM_2MN,leftMirror,rightNormal,no,Left,MIRROR,2.LeftMIRROR,"1","7",Larger5,400;400;400,24;24;24,"16.67",811804,d,786,"1"
516,test,Black,Fixation,Black,number7Mirror,400;400;400,0;0;0,lastStim,d,incorrect:Incorrect,"400",center,.jpg,"1",d k,hide,1.NM_2MN,leftMirror,rightNormal,no,Left,MIRROR,2.LeftMIRROR,"1","7",Larger5,400;400;400,24;24;24,"16.67",813033,d,30,"1"
506,test,Black,Fixation,Black,number7,400;400;400,0;0;0,lastStim,k,incorrect:Incorrect,"400",center,.jpg,"1",d k,hide,1.NM_2MN,leftMirror,rightNormal,no,Right,NORMAL,2.LeftMIRROR,-1,"7",Larger5,400;400;400,24;24;24,"16.67",814370,d,151,"0"
411,test,Black,Fixation,Black,number9Mirror,400;400;400,0;0;0,lastStim,d,incorrect:Incorrect,"400",center,.jpg,"1",d k,hide,1.NM_2MN,leftMirror,rightNormal,no,Left,MIRROR,2.LeftMIRROR,"1","9",Larger5,400;400;400,24;24;24,"16.67",816081,d,112,"1"
308,test,Black,Fixation,Black,number1,400;400;400,0;0;0,lastStim,k,incorrect:Incorrect,"400",center,.jpg,"1",d k,hide,1.NM_2MN,leftMirror,rightNormal,no,Right,NORMAL,2.LeftMIRROR,-1,"1",Smaller5,400;400;400,24;24;24,"16.67",817576,d,307,"0"
418,test,Black,Fixation,Black,number9Mirror,400;400;400,0;0;0,lastStim,d,incorrect:Incorrect,"400",center,.jpg,"1",d k,hide,1.NM_2MN,leftMirror,rightNormal,no,Left,MIRROR,2.LeftMIRROR,"1","9",Larger5,400;403;400,24;24;24,"16.72",819326,d,153,"1"
493,test,Black,Fixation,Black,number6Mirror,400;400;400,0;0;0,lastStim,d,incorrect:Incorrect,"400",center,.jpg,"1",d k,hide,1.NM_2MN,leftMirror,rightNormal,no,Left,MIRROR,2.LeftMIRROR,"1","6",Larger5,400;400;400,24;24;24,"16.67",821079,d,558,"1"
484,test,Black,Fixation,Black,number6,400;400;400,0;0;0,lastStim,k,incorrect:Incorrect,"400",center,.jpg,"1",d k,hide,1.NM_2MN,leftMirror,rightNormal,no,Right,NORMAL,2.LeftMIRROR,-1,"6",Larger5,400;400;400,24;24;24,"16.67",822411,d,139,"0"
537,test,Black,Fixation,Black,number9Mirror,400;400;400,0;0;0,lastStim,d,incorrect:Incorrect,"400",center,.jpg,"1",d k,hide,1.NM_2MN,leftMirror,rightNormal,no,Left,MIRROR,2.LeftMIRROR,"1","9",Larger5,400;400;400,24;24;24,"16.67",824210,d,205,"1"
453,test,Black,Fixation,Black,number3Mirror,400;400;400,0;0;0,lastStim,d,incorrect:Incorrect,"400",center,.jpg,"1",d k,hide,1.NM_2MN,leftMirror,rightNormal,no,Left,MIRROR,2.LeftMIRROR,"1","3",Smaller5,400;400;400,24;24;24,"16.67",825414,d,9,"1"
487,test,Black,Fixation,Black,number6,400;400;400,0;0;0,lastStim,k,incorrect:Incorrect,"400",center,.jpg,"1",d k,hide,1.NM_2MN,leftMirror,rightNormal,no,Right,NORMAL,2.LeftMIRROR,-1,"6",Larger5,400;400;400,24;24;24,"16.67",826618,d,13,"0"
359,test,Black,Fixation,Black,number4Mirror,400;400;400,0;0;0,lastStim,d,incorrect:Incorrect,"400",center,.jpg,"1",d k,hide,1.NM_2MN,leftMirror,rightNormal,no,Left,MIRROR,2.LeftMIRROR,"1","4",Smaller5,400;400;400,24;24;24,"16.67",828273,d,51,"1"
329,test,Black,Fixation,Black,number3,400;400;400,0;0;0,lastStim,k,incorrect:Incorrect,"400",center,.jpg,"1",d k,hide,1.NM_2MN,leftMirror,rightNormal,no,Right,NORMAL,2.LeftMIRROR,-1,"3",Smaller5,404;400;400,24;24;24,"16.72",829622,d,146,"0"
479,test,Black,Fixation,Black,number4Mirror,400;400;400,0;0;0,lastStim,d,incorrect:Incorrect,"400",center,.jpg,"1",d k,hide,1.NM_2MN,leftMirror,rightNormal,no,Left,MIRROR,2.LeftMIRROR,"1","4",Smaller5,400;400;400,24;24;24,"16.67",831251,d,27,"1"
512,test,Black,Fixation,Black,number7Mirror,400;400;400,0;0;0,lastStim,d,incorrect:Incorrect,"400",center,.jpg,"1",d k,hide,1.NM_2MN,leftMirror,rightNormal,no,Left,MIRROR,2.LeftMIRROR,"1","7",Larger5,400;400;400,24;24;24,"16.67",832533,d,92,"1"
409,test,Black,Fixation,Black,number9,400;400;400,0;0;0,lastStim,k,incorrect:Incorrect,"400",center,.jpg,"1",d k,hide,1.NM_2MN,leftMirror,rightNormal,no,Right,NORMAL,2.LeftMIRROR,-1,"9",Larger5,400;400;400,24;24;24,"16.67",833933,d,207,"0"
314,test,Black,Fixation,Black,number1Mirror,400;400;400,0;0;0,lastStim,d,incorrect:Incorrect,"400",center,.jpg,"1",d k,hide,1.NM_2MN,leftMirror,rightNormal,no,Left,MIRROR,2.LeftMIRROR,"1","1",Smaller5,400;400;400,24;24;24,"16.67",835634,d,109,"1"
456,test,Black,Fixation,Black,number3Mirror,400;400;400,0;0;0,lastStim,d,incorrect:Incorrect,"400",center,.jpg,"1",d k,hide,1.NM_2MN,leftMirror,rightNormal,no,Left,MIRROR,2.LeftMIRROR,"1","3",Smaller5,400;400;400,24;24;24,"16.67",836862,d,38,"1"
387,test,Black,Fixation,Black,number7,400;400;400,0;0;0,lastStim,k,incorrect:Incorrect,"400",center,.jpg,"1",d k,hide,1.NM_2MN,leftMirror,rightNormal,no,Right,NORMAL,2.LeftMIRROR,-1,"7",Larger5,400;400;400,24;24;24,"16.67",838111,d,52,"0"
483,test,Black,Fixation,Black,number6,400;400;400,0;0;0,lastStim,k,incorrect:Incorrect,"400",center,.jpg,"1",d k,hide,1.NM_2MN,leftMirror,rightNormal,no,Right,NORMAL,2.LeftMIRROR,-1,"6",Larger5,400;403;400,24;24;24,"16.72",839713,d,1,"0"
398,test,Black,Fixation,Black,number7Mirror,400;400;400,0;0;0,lastStim,d,incorrect:Incorrect,"400",center,.jpg,"1",d k,hide,1.NM_2MN,leftMirror,rightNormal,no,Left,MIRROR,2.LeftMIRROR,"1","7",Larger5,400;400;400,24;24;24,"16.67",841514,d,203,"1"
356,test,Black,Fixation,Black,number4Mirror,400;400;400,0;0;0,lastStim,d,incorrect:Incorrect,"400",center,.jpg,"1",d k,hide,1.NM_2MN,leftMirror,rightNormal,no,Left,MIRROR,2.LeftMIRROR,"1","4",Smaller5,400;400;400,24;24;24,"16.67",842856,d,145,"1"
475,test,Black,Fixation,Black,number4Mirror,400;400;400,0;0;0,lastStim,d,incorrect:Incorrect,"400",center,.jpg,"1",d k,hide,1.NM_2MN,leftMirror,rightNormal,no,Left,MIRROR,2.LeftMIRROR,"1","4",Smaller5,400;400;400,24;24;24,"16.67",844121,d,76,"1"
420,test,Black,Fixation,Black,number1,400;400;400,0;0;0,lastStim,k,incorrect:Incorrect,"400",center,.jpg,"1",d k,hide,1.NM_2MN,leftMirror,rightNormal,no,Right,NORMAL,2.LeftMIRROR,-1,"1",Smaller5,400;400;400,24;24;24,"16.67",845356,d,45,"0"
360,test,Black,Fixation,Black,number6,400;400;400,0;0;0,lastStim,k,incorrect:Incorrect,"400",center,.jpg,"1",d k,hide,1.NM_2MN,leftMirror,rightNormal,no,Right,NORMAL,2.LeftMIRROR,-1,"6",Larger5,400;400;400,24;24;24,"16.67",847428,d,468,"0"
480,test,Black,Fixation,Black,number6,400;400;400,0;0;0,lastStim,k,incorrect:Incorrect,"400",center,.jpg,"1",d k,hide,1.NM_2MN,leftMirror,rightNormal,no,Right,NORMAL,2.LeftMIRROR,-1,"6",Larger5,400;400;400,24;24;24,"16.67",849203,d,175,"0"
337,test,Black,Fixation,Black,number3Mirror,400;400;400,0;0;0,lastStim,d,incorrect:Incorrect,"400",center,.jpg,"1",d k,hide,1.NM_2MN,leftMirror,rightNormal,no,Left,MIRROR,2.LeftMIRROR,"1","3",Smaller5,400;400;400,24;24;24,"16.67",850968,d,169,"1"
379,test,Black,Fixation,Black,number6Mirror,400;400;400,0;0;0,lastStim,d,incorrect:Incorrect,"400",center,.jpg,"1",d k,hide,1.NM_2MN,leftMirror,rightNormal,no,Left,MIRROR,2.LeftMIRROR,"1","6",Larger5,400;400;400,24;24;24,"16.67",852337,d,171,"1"
539,test,Black,Fixation,Black,number9Mirror,400;400;400,0;0;0,lastStim,d,incorrect:Incorrect,"400",center,.jpg,"1",d k,hide,1.NM_2MN,leftMirror,rightNormal,no,Left,MIRROR,2.LeftMIRROR,"1","9",Larger5,400;400;400,24;24;24,"16.67",853543,d,11,"1"
345,test,Black,Fixation,Black,number4,400;400;400,0;0;0,lastStim,k,incorrect:Incorrect,"400",center,.jpg,"1",d k,hide,1.NM_2MN,leftMirror,rightNormal,no,Right,NORMAL,2.LeftMIRROR,-1,"4",Smaller5,400;400;400,24;24;24,"16.67",855045,d,312,"0"
455,test,Black,Fixation,Black,number3Mirror,400;400;400,0;0;0,lastStim,d,incorrect:Incorrect,"400",center,.jpg,"1",d k,hide,1.NM_2MN,leftMirror,rightNormal,no,Left,MIRROR,2.LeftMIRROR,"1","3",Smaller5,400;400;400,24;24;24,"16.67",856808,d,159,"1"
399,test,Black,Fixation,Black,number7Mirror,400;400;400,0;0;0,lastStim,d,incorrect:Incorrect,"400",center,.jpg,"1",d k,hide,1.NM_2MN,leftMirror,rightNormal,no,Left,MIRROR,2.LeftMIRROR,"1","7",Larger5,400;400;400,24;24;24,"16.67",858256,d,258,"1"
438,test,Black,Fixation,Black,number1Mirror,400;400;400,0;0;0,lastStim,d,incorrect:Incorrect,"400",center,.jpg,"1",d k,hide,1.NM_2MN,leftMirror,rightNormal,no,Left,MIRROR,2.LeftMIRROR,"1","1",Smaller5,400;400;400,24;24;24,"16.67",859796,d,346,"1"
350,test,Black,Fixation,Black,number4Mirror,400;400;400,0;0;0,lastStim,d,incorrect:Incorrect,"400",center,.jpg,"1",d k,hide,1.NM_2MN,leftMirror,rightNormal,no,Left,MIRROR,2.LeftMIRROR,"1","4",Smaller5,400;400;400,24;24;24,"16.67",861338,d,350,"1"
351,test,Black,Fixation,Black,number4Mirror,400;400;400,0;0;0,lastStim,d,incorrect:Incorrect,"400",center,.jpg,"1",d k,hide,1.NM_2MN,leftMirror,rightNormal,no,Left,MIRROR,2.LeftMIRROR,"1","4",Smaller5,400;400;400,24;24;24,"16.67",862803,d,264,"1"
362,test,Black,Fixation,Black,number6,400;400;400,0;0;0,lastStim,k,incorrect:Incorrect,"400",center,.jpg,"1",d k,hide,1.NM_2MN,leftMirror,rightNormal,no,Right,NORMAL,2.LeftMIRROR,-1,"6",Larger5,400;400;400,24;24;24,"16.67",864073,d,85,"0"
446,test,Black,Fixation,Black,number3,400;400;400,0;0;0,lastStim,k,incorrect:Incorrect,"400",center,.jpg,"1",d k,hide,1.NM_2MN,leftMirror,rightNormal,no,Right,NORMAL,2.LeftMIRROR,-1,"3",Smaller5,400;400;400,24;24;24,"16.67",865748,d,76,"0"
500,test,Black,Fixation,Black,number7,400;400;400,0;0;0,lastStim,k,incorrect:Incorrect,"400",center,.jpg,"1",d k,hide,1.NM_2MN,leftMirror,rightNormal,no,Right,NORMAL,2.LeftMIRROR,-1,"7",Larger5,400;400;400,24;24;24,"16.67",867613,d,258,"0"
324,test,Black,Fixation,Black,number3,400;400;400,0;0;0,lastStim,k,incorrect:Incorrect,"400",center,.jpg,"1",d k,hide,1.NM_2MN,leftMirror,rightNormal,no,Right,NORMAL,2.LeftMIRROR,-1,"3",Smaller5,400;400;400,24;24;24,"16.67",871703,d,2498,"0"
529,test,Black,Fixation,Black,number9,400;400;400,0;0;0,lastStim,k,incorrect:Incorrect,"400",center,.jpg,"1",d k,hide,1.NM_2MN,leftMirror,rightNormal,no,Right,NORMAL,2.LeftMIRROR,-1,"9",Larger5,400;400;400,24;24;24,"16.67",875459,d,2150,"0"
368,test,Black,Fixation,Black,number6,400;400;400,0;0;0,lastStim,k,incorrect:Incorrect,"400",center,.jpg,"1",d k,hide,1.NM_2MN,leftMirror,rightNormal,no,Right,NORMAL,2.LeftMIRROR,-1,"6",Larger5,400;400;400,24;24;24,"16.67",877190,d,132,"0"
536,test,Black,Fixation,Black,number9Mirror,400;400;400,0;0;0,lastStim,d,incorrect:Incorrect,"400",center,.jpg,"1",d k,hide,1.NM_2MN,leftMirror,rightNormal,no,Left,MIRROR,2.LeftMIRROR,"1","9",Larger5,400;400;400,24;24;24,"16.67",878847,d,55,"1"
390,test,Black,Fixation,Black,number7Mirror,400;400;400,0;0;0,lastStim,d,incorrect:Incorrect,"400",center,.jpg,"1",d k,hide,1.NM_2MN,leftMirror,rightNormal,no,Left,MIRROR,2.LeftMIRROR,"1","7",Larger5,400;400;404,24;24;24,"16.73",880167,d,120,"1"
509,test,Black,Fixation,Black,number7,400;400;400,0;0;0,lastStim,k,incorrect:Incorrect,"400",center,.jpg,"1",d k,hide,1.NM_2MN,leftMirror,rightNormal,no,Right,NORMAL,2.LeftMIRROR,-1,"7",Larger5,400;400;400,24;24;24,"16.67",881501,d,137,"0"
511,test,Black,Fixation,Black,number7Mirror,400;400;400,0;0;0,lastStim,d,incorrect:Incorrect,"400",center,.jpg,"1",d k,hide,1.NM_2MN,leftMirror,rightNormal,no,Left,MIRROR,2.LeftMIRROR,"1","7",Larger5,400;400;400,24;24;24,"16.67",883290,d,194,"1"
327,test,Black,Fixation,Black,number3,400;400;400,0;0;0,lastStim,k,incorrect:Incorrect,"400",center,.jpg,"1",d k,hide,1.NM_2MN,leftMirror,rightNormal,no,Right,NORMAL,2.LeftMIRROR,-1,"3",Smaller5,400;400;400,24;24;24,"16.67",884494,d,15,"0"
445,test,Black,Fixation,Black,number3,400;400;400,0;0;0,lastStim,k,incorrect:Incorrect,"400",center,.jpg,"1",d k,hide,1.NM_2MN,leftMirror,rightNormal,no,Right,NORMAL,2.LeftMIRROR,-1,"3",Smaller5,400;400;400,24;24;24,"16.67",886392,d,296,"0"
485,test,Black,Fixation,Black,number6,400;400;400,0;0;0,lastStim,k,incorrect:Incorrect,"400",center,.jpg,"1",d k,hide,1.NM_2MN,leftMirror,rightNormal,no,Right,NORMAL,2.LeftMIRROR,-1,"6",Larger5,400;400;400,24;24;24,"16.67",888043,d,47,"0"
333,test,Black,Fixation,Black,number3Mirror,400;400;400,0;0;0,lastStim,d,incorrect:Incorrect,"400",center,.jpg,"1",d k,hide,1.NM_2MN,leftMirror,rightNormal,no,Left,MIRROR,2.LeftMIRROR,"1","3",Smaller5,400;400;400,24;24;24,"16.67",889711,d,66,"1"
365,test,Black,Fixation,Black,number6,400;400;400,0;0;0,lastStim,k,incorrect:Incorrect,"400",center,.jpg,"1",d k,hide,1.NM_2MN,leftMirror,rightNormal,no,Right,NORMAL,2.LeftMIRROR,-1,"6",Larger5,404;400;400,24;24;24,"16.73",890934,d,33,"0"
535,test,Black,Fixation,Black,number9Mirror,400;400;400,0;0;0,lastStim,d,incorrect:Incorrect,"400",center,.jpg,"1",d k,hide,1.NM_2MN,leftMirror,rightNormal,no,Left,MIRROR,2.LeftMIRROR,"1","9",Larger5,400;400;400,24;24;24,"16.67",893088,d,554,"1"
467,test,Black,Fixation,Black,number4,400;400;400,0;0;0,lastStim,k,incorrect:Incorrect,"400",center,.jpg,"1",d k,hide,1.NM_2MN,leftMirror,rightNormal,no,Right,NORMAL,2.LeftMIRROR,-1,"4",Smaller5,400;400;400,24;24;24,"16.67",894639,d,356,"0"
429,test,Black,Fixation,Black,number1,400;400;400,0;0;0,lastStim,k,incorrect:Incorrect,"400",center,.jpg,"1",d k,hide,1.NM_2MN,leftMirror,rightNormal,no,Right,NORMAL,2.LeftMIRROR,-1,"1",Smaller5,400;400;400,24;24;24,"16.67",896269,d,34,"0"
490,test,Black,Fixation,Black,number6Mirror,400;400;400,0;0;0,lastStim,d,incorrect:Incorrect,"400",center,.jpg,"1",d k,hide,1.NM_2MN,leftMirror,rightNormal,no,Left,MIRROR,2.LeftMIRROR,"1","6",Larger5,400;400;400,24;24;24,"16.67",898544,d,676,"1"
431,test,Black,Fixation,Black,number1Mirror,400;400;400,0;0;0,lastStim,d,incorrect:Incorrect,"400",center,.jpg,"1",d k,hide,1.NM_2MN,leftMirror,rightNormal,no,Left,MIRROR,2.LeftMIRROR,"1","1",Smaller5,400;400;400,24;24;24,"16.67",900093,d,359,"1"
534,test,Black,Fixation,Black,number9Mirror,400;400;400,0;0;0,lastStim,d,incorrect:Incorrect,"400",center,.jpg,"1",d k,hide,1.NM_2MN,leftMirror,rightNormal,no,Left,MIRROR,2.LeftMIRROR,"1","9",Larger5,404;400;400,24;24;24,"16.73",902164,d,877,"1"
434,test,Black,Fixation,Black,number1Mirror,400;400;400,0;0;0,lastStim,d,incorrect:Incorrect,"400",center,.jpg,"1",d k,hide,1.NM_2MN,leftMirror,rightNormal,no,Left,MIRROR,2.LeftMIRROR,"1","1",Smaller5,400;400;400,24;24;24,"16.67",903713,d,359,"1"
450,test,Black,Fixation,Black,number3Mirror,400;400;400,0;0;0,lastStim,d,incorrect:Incorrect,"400",center,.jpg,"1",d k,hide,1.NM_2MN,leftMirror,rightNormal,no,Left,MIRROR,2.LeftMIRROR,"1","3",Smaller5,400;400;400,24;24;24,"16.67",905173,d,270,"1"
457,test,Black,Fixation,Black,number3Mirror,400;400;400,0;0;0,lastStim,d,incorrect:Incorrect,"400",center,.jpg,"1",d k,hide,1.NM_2MN,leftMirror,rightNormal,no,Left,MIRROR,2.LeftMIRROR,"1","3",Smaller5,400;400;400,24;24;24,"16.67",906451,d,81,"1"
336,test,Black,Fixation,Black,number3Mirror,400;400;400,0;0;0,lastStim,d,incorrect:Incorrect,"400",center,.jpg,"1",d k,hide,1.NM_2MN,leftMirror,rightNormal,no,Left,MIRROR,2.LeftMIRROR,"1","3",Smaller5,400;400;400,24;24;24,"16.67",908718,d,1080,"1"
386,test,Black,Fixation,Black,number7,400;400;400,0;0;0,lastStim,k,incorrect:Incorrect,"400",center,.jpg,"1",d k,hide,1.NM_2MN,leftMirror,rightNormal,no,Right,NORMAL,2.LeftMIRROR,-1,"7",Larger5,400;400;400,24;24;24,"16.67",909921,d,17,"0"
405,test,Black,Fixation,Black,number9,400;400;400,0;0;0,lastStim,k,incorrect:Incorrect,"400",center,.jpg,"1",d k,hide,1.NM_2MN,leftMirror,rightNormal,no,Right,NORMAL,2.LeftMIRROR,-1,"9",Larger5,400;400;400,24;24;24,"16.67",911634,d,109,"0"
514,test,Black,Fixation,Black,number7Mirror,400;400;400,0;0;0,lastStim,d,incorrect:Incorrect,"400",center,.jpg,"1",d k,hide,1.NM_2MN,leftMirror,rightNormal,no,Left,MIRROR,2.LeftMIRROR,"1","7",Larger5,400;400;400,24;24;24,"16.67",913774,d,531,"1"
520,test,Black,Fixation,Black,number9,400;400;400,0;0;0,lastStim,k,incorrect:Incorrect,"400",center,.jpg,"1",d k,hide,1.NM_2MN,leftMirror,rightNormal,no,Right,NORMAL,2.LeftMIRROR,-1,"9",Larger5,400;400;400,24;24;24,"16.67",915144,d,185,"0"
300,test,Black,Fixation,Black,number1,400;400;400,0;0;0,lastStim,k,incorrect:Incorrect,"400",center,.jpg,"1",d k,hide,1.NM_2MN,leftMirror,rightNormal,no,Right,NORMAL,2.LeftMIRROR,-1,"1",Smaller5,400;400;400,24;24;24,"16.67",916937,d,195,"0"
451,test,Black,Fixation,Black,number3Mirror,400;400;400,0;0;0,lastStim,d,incorrect:Incorrect,"400",center,.jpg,"1",d k,hide,1.NM_2MN,leftMirror,rightNormal,no,Left,MIRROR,2.LeftMIRROR,"1","3",Smaller5,400;400;400,24;24;24,"16.67",918969,d,427,"1"
442,test,Black,Fixation,Black,number3,400;400;400,0;0;0,lastStim,k,incorrect:Incorrect,"400",center,.jpg,"1",d k,hide,1.NM_2MN,leftMirror,rightNormal,no,Right,NORMAL,2.LeftMIRROR,-1,"3",Smaller5,400;400;400,24;24;24,"16.67",920620,d,462,"0"
422,test,Black,Fixation,Black,number1,400;400;400,0;0;0,lastStim,k,incorrect:Incorrect,"400",center,.jpg,"1",d k,hide,1.NM_2MN,leftMirror,rightNormal,no,Right,NORMAL,2.LeftMIRROR,-1,"1",Smaller5,400;400;400,24;24;24,"16.67",922533,d,321,"0"
384,test,Black,Fixation,Black,number7,400;400;400,0;0;0,lastStim,k,incorrect:Incorrect,"400",center,.jpg,"1",d k,hide,1.NM_2MN,leftMirror,rightNormal,no,Right,NORMAL,2.LeftMIRROR,-1,"7",Larger5,400;400;400,24;24;24,"16.67",924178,d,48,"0"
476,test,Black,Fixation,Black,number4Mirror,400;400;400,0;0;0,lastStim,d,incorrect:Incorrect,"400",center,.jpg,"1",d k,hide,1.NM_2MN,leftMirror,rightNormal,no,Left,MIRROR,2.LeftMIRROR,"1","4",Smaller5,400;400;400,24;24;24,"16.67",925937,d,157,"1"
370,test,Black,Fixation,Black,number6Mirror,400;400;400,0;0;0,lastStim,d,incorrect:Incorrect,"400",center,.jpg,"1",d k,hide,1.NM_2MN,leftMirror,rightNormal,no,Left,MIRROR,2.LeftMIRROR,"1","6",Larger5,400;400;400,24;24;24,"16.67",927138,d,9,"1"
499,test,Black,Fixation,Black,number6Mirror,400;400;400,0;0;0,lastStim,d,incorrect:Incorrect,"400",center,.jpg,"1",d k,hide,1.NM_2MN,leftMirror,rightNormal,no,Left,MIRROR,2.LeftMIRROR,"1","6",Larger5,400;400;400,24;24;24,"16.67",928411,d,82,"1"
462,test,Black,Fixation,Black,number4,400;400;400,0;0;0,lastStim,k,incorrect:Incorrect,"400",center,.jpg,"1",d k,hide,1.NM_2MN,leftMirror,rightNormal,no,Right,NORMAL,2.LeftMIRROR,-1,"4",Smaller5,400;400;400,24;24;24,"16.67",930191,d,578,"0"
502,test,Black,Fixation,Black,number7,400;400;400,0;0;0,lastStim,k,incorrect:Incorrect,"400",center,.jpg,"1",d k,hide,1.NM_2MN,leftMirror,rightNormal,no,Right,NORMAL,2.LeftMIRROR,-1,"7",Larger5,408;400;400,24;24;24,"16.78",931885,d,82,"0"
358,test,Black,Fixation,Black,number4Mirror,400;400;400,0;0;0,lastStim,d,incorrect:Incorrect,"400",center,.jpg,"1",d k,hide,1.NM_2MN,leftMirror,rightNormal,no,Left,MIRROR,2.LeftMIRROR,"1","4",Smaller5,400;400;400,24;24;24,"16.67",933510,d,24,"1"
332,test,Black,Fixation,Black,number3Mirror,400;400;400,0;0;0,lastStim,d,incorrect:Incorrect,"400",center,.jpg,"1",d k,hide,1.NM_2MN,leftMirror,rightNormal,no,Left,MIRROR,2.LeftMIRROR,"1","3",Smaller5,400;400;400,24;24;24,"16.67",934927,d,225,"1"
416,test,Black,Fixation,Black,number9Mirror,400;400;400,0;0;0,lastStim,d,incorrect:Incorrect,"400",center,.jpg,"1",d k,hide,1.NM_2MN,leftMirror,rightNormal,no,Left,MIRROR,2.LeftMIRROR,"1","9",Larger5,400;400;400,24;24;24,"16.67",936301,d,182,"1"
492,test,Black,Fixation,Black,number6Mirror,400;400;400,0;0;0,lastStim,d,incorrect:Incorrect,"400",center,.jpg,"1",d k,hide,1.NM_2MN,leftMirror,rightNormal,no,Left,MIRROR,2.LeftMIRROR,"1","6",Larger5,400;400;400,24;24;24,"16.67",937706,d,220,"1"
319,test,Black,Fixation,Black,number1Mirror,400;400;400,0;0;0,lastStim,d,incorrect:Incorrect,"400",center,.jpg,"1",d k,hide,1.NM_2MN,leftMirror,rightNormal,no,Left,MIRROR,2.LeftMIRROR,"1","1",Smaller5,400;400;400,24;24;24,"16.67",939049,d,146,"1"
373,test,Black,Fixation,Black,number6Mirror,400;400;400,0;0;0,lastStim,d,incorrect:Incorrect,"400",center,.jpg,"1",d k,hide,1.NM_2MN,leftMirror,rightNormal,no,Left,MIRROR,2.LeftMIRROR,"1","6",Larger5,400;400;400,24;24;24,"16.67",940633,d,397,"1"
395,test,Black,Fixation,Black,number7Mirror,400;400;400,0;0;0,lastStim,d,incorrect:Incorrect,"400",center,.jpg,"1",d k,hide,1.NM_2MN,leftMirror,rightNormal,no,Left,MIRROR,2.LeftMIRROR,"1","7",Larger5,405;400;400,24;24;24,"16.74",941898,d,73,"1"
378,test,Black,Fixation,Black,number6Mirror,400;400;400,0;0;0,lastStim,d,incorrect:Incorrect,"400",center,.jpg,"1",d k,hide,1.NM_2MN,leftMirror,rightNormal,no,Left,MIRROR,2.LeftMIRROR,"1","6",Larger5,400;400;400,24;24;24,"16.67",943326,d,235,"1"
305,test,Black,Fixation,Black,number1,400;400;400,0;0;0,lastStim,k,incorrect:Incorrect,"400",center,.jpg,"1",d k,hide,1.NM_2MN,leftMirror,rightNormal,no,Right,NORMAL,2.LeftMIRROR,-1,"1",Smaller5,400;400;400,24;24;24,"16.67",944528,d,4,"0"
498,test,Black,Fixation,Black,number6Mirror,400;400;400,0;0;0,lastStim,d,incorrect:Incorrect,"400",center,.jpg,"1",d k,hide,1.NM_2MN,leftMirror,rightNormal,no,Left,MIRROR,2.LeftMIRROR,"1","6",Larger5,400;400;400,24;24;24,"16.67",946326,d,202,"1"
312,test,Black,Fixation,Black,number1Mirror,400;400;400,0;0;0,lastStim,d,incorrect:Incorrect,"400",center,.jpg,"1",d k,hide,1.NM_2MN,leftMirror,rightNormal,no,Left,MIRROR,2.LeftMIRROR,"1","1",Smaller5,400;400;400,24;24;24,"16.67",948519,d,994,"1"
343,test,Black,Fixation,Black,number4,400;400;400,0;0;0,lastStim,k,incorrect:Incorrect,"400",center,.jpg,"1",d k,hide,1.NM_2MN,leftMirror,rightNormal,no,Right,NORMAL,2.LeftMIRROR,-1,"4",Smaller5,400;400;400,24;24;24,"16.67",950570,d,861,"0"
504,test,Black,Fixation,Black,number7,400;400;400,0;0;0,lastStim,k,incorrect:Incorrect,"400",center,.jpg,"1",d k,hide,1.NM_2MN,leftMirror,rightNormal,no,Right,NORMAL,2.LeftMIRROR,-1,"7",Larger5,404;400;400,24;24;24,"16.73",952275,d,95,"0"
525,test,Black,Fixation,Black,number9,400;400;400,0;0;0,lastStim,k,incorrect:Incorrect,"400",center,.jpg,"1",d k,hide,1.NM_2MN,leftMirror,rightNormal,no,Right,NORMAL,2.LeftMIRROR,-1,"9",Larger5,400;400;400,24;24;24,"16.67",953914,d,35,"0"
437,test,Black,Fixation,Black,number1Mirror,400;400;400,0;0;0,lastStim,d,incorrect:Incorrect,"400",center,.jpg,"1",d k,hide,1.NM_2MN,leftMirror,rightNormal,no,Left,MIRROR,2.LeftMIRROR,"1","1",Smaller5,400;400;400,24;24;24,"16.67",955600,d,89,"1"
428,test,Black,Fixation,Black,number1,400;400;400,0;0;0,lastStim,k,incorrect:Incorrect,"400",center,.jpg,"1",d k,hide,1.NM_2MN,leftMirror,rightNormal,no,Right,NORMAL,2.LeftMIRROR,-1,"1",Smaller5,400;400;400,24;24;24,"16.67",956861,d,65,"0"
447,test,Black,Fixation,Black,number3,400;400;400,0;0;0,lastStim,k,incorrect:Incorrect,"400",center,.jpg,"1",d k,hide,1.NM_2MN,leftMirror,rightNormal,no,Right,NORMAL,2.LeftMIRROR,-1,"3",Smaller5,400;400;400,24;24;24,"16.67",958536,d,74,"0"
382,test,Black,Fixation,Black,number7,400;400;400,0;0;0,lastStim,k,incorrect:Incorrect,"400",center,.jpg,"1",d k,hide,1.NM_2MN,leftMirror,rightNormal,no,Right,NORMAL,2.LeftMIRROR,-1,"7",Larger5,400;400;400,24;24;24,"16.67",960278,d,149,"0"
374,test,Black,Fixation,Black,number6Mirror,400;400;400,0;0;0,lastStim,d,incorrect:Incorrect,"400",center,.jpg,"1",d k,hide,1.NM_2MN,leftMirror,rightNormal,no,Left,MIRROR,2.LeftMIRROR,"1","6",Larger5,400;404;400,24;24;24,"16.72",962023,d,141,"1"
404,test,Black,Fixation,Black,number9,400;400;400,0;0;0,lastStim,k,incorrect:Incorrect,"400",center,.jpg,"1",d k,hide,1.NM_2MN,leftMirror,rightNormal,no,Right,NORMAL,2.LeftMIRROR,-1,"9",Larger5,400;400;400,24;24;24,"16.67",963291,d,76,"0"
508,test,Black,Fixation,Black,number7,400;400;400,0;0;0,lastStim,k,incorrect:Incorrect,"400",center,.jpg,"1",d k,hide,1.NM_2MN,leftMirror,rightNormal,no,Right,NORMAL,2.LeftMIRROR,-1,"7",Larger5,400;400;400,24;24;24,"16.67",964915,d,17,"0"
526,test,Black,Fixation,Black,number9,400;400;400,0;0;0,lastStim,k,incorrect:Incorrect,"400",center,.jpg,"1",d k,hide,1.NM_2MN,leftMirror,rightNormal,no,Right,NORMAL,2.LeftMIRROR,-1,"9",Larger5,400;400;400,24;24;24,"16.67",966537,d,22,"0"
354,test,Black,Fixation,Black,number4Mirror,400;400;400,0;0;0,lastStim,d,incorrect:Incorrect,"400",center,.jpg,"1",d k,hide,1.NM_2MN,leftMirror,rightNormal,no,Left,MIRROR,2.LeftMIRROR,"1","4",Smaller5,400;400;400,24;24;24,"16.67",968284,d,152,"1"
530,test,Black,Fixation,Black,number9Mirror,400;400;400,0;0;0,lastStim,d,incorrect:Incorrect,"400",center,.jpg,"1",d k,hide,1.NM_2MN,leftMirror,rightNormal,no,Left,MIRROR,2.LeftMIRROR,"1","9",Larger5,400;400;400,24;24;24,"16.67",969663,d,180,"1"
338,test,Black,Fixation,Black,number3Mirror,400;400;400,0;0;0,lastStim,d,incorrect:Incorrect,"400",center,.jpg,"1",d k,hide,1.NM_2MN,leftMirror,rightNormal,no,Left,MIRROR,2.LeftMIRROR,"1","3",Smaller5,400;400;400,24;24;24,"16.67",971233,d,384,"1"
369,test,Black,Fixation,Black,number6,400;400;400,0;0;0,lastStim,k,incorrect:Incorrect,"400",center,.jpg,"1",d k,hide,1.NM_2MN,leftMirror,rightNormal,no,Right,NORMAL,2.LeftMIRROR,-1,"6",Larger5,404;400;400,24;24;24,"16.73",972571,d,136,"0"
528,test,Black,Fixation,Black,number9,400;400;400,0;0;0,lastStim,k,incorrect:Incorrect,"400",center,.jpg,"1",d k,hide,1.NM_2MN,leftMirror,rightNormal,no,Right,NORMAL,2.LeftMIRROR,-1,"9",Larger5,400;400;400,24;24;24,"16.67",974218,d,49,"0"
496,test,Black,Fixation,Black,number6Mirror,400;400;400,0;0;0,lastStim,d,incorrect:Incorrect,"400",center,.jpg,"1",d k,hide,1.NM_2MN,leftMirror,rightNormal,no,Left,MIRROR,2.LeftMIRROR,"1","6",Larger5,400;400;400,24;24;24,"16.67",976040,d,220,"1"
524,test,Black,Fixation,Black,number9,400;400;400,0;0;0,lastStim,k,incorrect:Incorrect,"400",center,.jpg,"1",d k,hide,1.NM_2MN,leftMirror,rightNormal,no,Right,NORMAL,2.LeftMIRROR,-1,"9",Larger5,400;400;400,24;24;24,"16.67",977464,d,229,"0"
377,test,Black,Fixation,Black,number6Mirror,400;400;400,0;0;0,lastStim,d,incorrect:Incorrect,"400",center,.jpg,"1",d k,hide,1.NM_2MN,leftMirror,rightNormal,no,Left,MIRROR,2.LeftMIRROR,"1","6",Larger5,400;400;400,24;24;24,"16.67",979136,d,67,"1"
317,test,Black,Fixation,Black,number1Mirror,400;400;400,0;0;0,lastStim,d,incorrect:Incorrect,"400",center,.jpg,"1",d k,hide,1.NM_2MN,leftMirror,rightNormal,no,Left,MIRROR,2.LeftMIRROR,"1","1",Smaller5,400;400;400,24;24;24,"16.67",980578,d,243,"1"
372,test,Black,Fixation,Black,number6Mirror,400;400;400,0;0;0,lastStim,d,incorrect:Incorrect,"400",center,.jpg,"1",d k,hide,1.NM_2MN,leftMirror,rightNormal,no,Left,MIRROR,2.LeftMIRROR,"1","6",Larger5,400;400;405,24;24;24,"16.73",981973,d,199,"1"
436,test,Black,Fixation,Black,number1Mirror,400;400;400,0;0;0,lastStim,d,incorrect:Incorrect,"400",center,.jpg,"1",d k,hide,1.NM_2MN,leftMirror,rightNormal,no,Left,MIRROR,2.LeftMIRROR,"1","1",Smaller5,400;400;400,24;24;24,"16.67",983481,d,307,"1"
310,test,Black,Fixation,Black,number1Mirror,400;400;400,0;0;0,lastStim,d,incorrect:Incorrect,"400",center,.jpg,"1",d k,hide,1.NM_2MN,leftMirror,rightNormal,no,Left,MIRROR,2.LeftMIRROR,"1","1",Smaller5,400;400;400,24;24;24,"16.67",984844,d,170,"1"
406,test,Black,Fixation,Black,number9,400;400;400,0;0;0,lastStim,k,incorrect:Incorrect,"400",center,.jpg,"1",d k,hide,1.NM_2MN,leftMirror,rightNormal,no,Right,NORMAL,2.LeftMIRROR,-1,"9",Larger5,400;400;400,24;24;24,"16.67",986333,d,292,"0"
408,test,Black,Fixation,Black,number9,400;400;400,0;0;0,lastStim,k,incorrect:Incorrect,"400",center,.jpg,"1",d k,hide,1.NM_2MN,leftMirror,rightNormal,no,Right,NORMAL,2.LeftMIRROR,-1,"9",Larger5,400;400;400,24;24;24,"16.67",987956,d,16,"0"
519,test,Black,Fixation,Black,number7Mirror,400;400;400,0;0;0,lastStim,d,incorrect:Incorrect,"400",center,.jpg,"1",d k,hide,1.NM_2MN,leftMirror,rightNormal,no,Left,MIRROR,2.LeftMIRROR,"1","7",Larger5,400;400;400,24;24;24,"16.67",989754,d,197,"1"
443,test,Black,Fixation,Black,number3,400;400;400,0;0;0,lastStim,k,incorrect:Incorrect,"400",center,.jpg,"1",d k,hide,1.NM_2MN,leftMirror,rightNormal,no,Right,NORMAL,2.LeftMIRROR,-1,"3",Smaller5,400;400;400,24;24;24,"16.67",991231,d,291,"0"
478,test,Black,Fixation,Black,number4Mirror,400;400;400,0;0;0,lastStim,d,incorrect:Incorrect,"400",center,.jpg,"1",d k,hide,1.NM_2MN,leftMirror,rightNormal,no,Left,MIRROR,2.LeftMIRROR,"1","4",Smaller5,405;400;400,24;24;24,"16.73",992851,d,23,"1"